Date,Open,High,Low,Close,Volume,Change
2013-09-16,2445,2465,2385,2400,199828,
2013-09-17,2410,2440,2380,2400,65750,0.0
2013-09-23,2405,2485,2405,2450,137466,0.02083333333333326
2013-09-24,2430,2465,2410,2415,80181,-0.014285714285714235
2013-09-25,2445,2445,2395,2400,61007,-0.006211180124223614
2013-09-26,2400,2430,2395,2430,28968,0.012499999999999956
2013-09-27,2430,2470,2430,2445,58944,0.006172839506172867
2013-09-30,2460,2535,2425,2495,128572,0.020449897750511203
2013-10-01,2510,2550,2470,2500,190322,0.002004008016031955
2013-10-02,2510,2560,2500,2505,102245,0.0020000000000000018
2013-10-04,2510,2540,2485,2525,94027,0.007984031936127733
2013-10-07,2525,2545,2465,2480,103443,-0.017821782178217838
2013-10-08,2450,2520,2450,2480,96172,0.0
2013-10-10,2485,2565,2480,2505,80471,0.010080645161290258
2013-10-11,2515,2540,2490,2500,46309,-0.001996007984031989
2013-10-14,2500,2530,2470,2525,111042,0.010000000000000009
2013-10-15,2525,2560,2500,2505,142192,-0.007920792079207928
2013-10-16,2490,2525,2470,2470,88702,-0.013972055888223589
2013-10-17,2485,2500,2440,2440,86308,-0.012145748987854255
2013-10-18,2440,2480,2435,2460,50127,0.008196721311475308
2013-10-21,2460,2490,2425,2430,80738,-0.012195121951219523
2013-10-22,2430,2500,2405,2430,156904,0.0
2013-10-23,2430,2450,2405,2435,71912,0.002057613168724215
2013-10-24,2445,2465,2425,2445,51921,0.004106776180698102
2013-10-25,2445,2730,2445,2580,1071863,0.05521472392638027
2013-10-28,2600,2640,2560,2620,293332,0.015503875968992276
2013-10-29,2630,2685,2610,2635,324896,0.005725190839694694
2013-10-30,2635,2690,2600,2600,173019,-0.013282732447817858
2013-10-31,2600,2635,2580,2615,69157,0.005769230769230749
2013-11-01,2600,2635,2590,2610,125086,-0.0019120458891013214
2013-11-04,2600,2785,2595,2685,503226,0.028735632183908066
2013-11-05,2705,2705,2645,2650,228827,-0.013035381750465591
2013-11-06,2650,2685,2580,2580,184749,-0.026415094339622636
2013-11-07,2585,2645,2575,2580,100572,0.0
2013-11-08,2580,2620,2550,2585,90405,0.0019379844961240345
2013-11-11,2580,2670,2580,2585,182922,0.0
2013-11-12,2630,2760,2600,2735,627987,0.05802707930367501
2013-11-13,2755,2845,2680,2740,731934,0.001828153564899404
2013-11-14,2765,2805,2715,2775,282452,0.012773722627737127
2013-11-15,2785,2815,2680,2680,328799,-0.03423423423423422
2013-11-18,2695,2720,2650,2700,146411,0.00746268656716409
2013-11-19,2700,2705,2640,2665,134539,-0.012962962962962954
2013-11-20,2670,2700,2650,2675,92541,0.0037523452157599557
2013-11-21,2690,2750,2655,2720,244223,0.016822429906542036
2013-11-22,2720,2760,2665,2700,207630,-0.007352941176470562
2013-11-25,2700,2725,2600,2605,227993,-0.03518518518518521
2013-11-26,2625,2625,2420,2485,635852,-0.04606525911708248
2013-11-27,2505,2510,2460,2470,208400,-0.006036217303822977
2013-11-28,2500,2500,2430,2460,166385,-0.004048582995951455
2013-11-29,2460,2515,2455,2505,144417,0.018292682926829285
2013-12-02,2525,2525,2475,2510,127192,0.001996007984031989
2013-12-03,2510,2510,2470,2470,103005,-0.015936254980079667
2013-12-04,2465,2730,2465,2605,758901,0.054655870445344146
2013-12-05,2585,2650,2525,2595,285799,-0.0038387715930902067
2013-12-06,2595,2700,2570,2650,250822,0.021194605009633882
2013-12-09,2625,2690,2590,2690,171125,0.015094339622641506
2013-12-10,2715,2745,2640,2650,367554,-0.014869888475836479
2013-12-11,2650,2650,2595,2640,211446,-0.0037735849056603765
2013-12-12,2640,2700,2600,2690,115177,0.018939393939394034
2013-12-13,2665,2700,2620,2680,112972,-0.0037174721189591198
2013-12-16,2675,2675,2600,2610,131080,-0.026119402985074647
2013-12-17,2610,2665,2610,2635,123986,0.009578544061302763
2013-12-18,2625,2695,2620,2660,286582,0.009487666034155628
2013-12-19,2680,2715,2635,2715,231291,0.020676691729323293
2013-12-20,2700,2720,2680,2715,178785,0.0
2013-12-23,2715,2745,2700,2735,182548,0.007366482504604033
2013-12-24,2735,2745,2685,2745,216634,0.003656307129798808
2013-12-26,2745,2760,2715,2740,280280,-0.0018214936247723523
2013-12-27,2650,2650,2555,2560,520936,-0.06569343065693434
2013-12-30,2570,2585,2545,2555,115259,-0.001953125
2014-01-02,2550,2570,2500,2500,123968,-0.021526418786692814
2014-01-03,2430,2480,2400,2460,231921,-0.016000000000000014
2014-01-06,2455,2540,2455,2465,220176,0.00203252032520318
2014-01-07,2450,2545,2450,2490,170821,0.010141987829614507
2014-01-08,2495,2540,2470,2490,133284,0.0
2014-01-09,2475,2500,2455,2460,85854,-0.012048192771084376
2014-01-10,2460,2490,2450,2475,108037,0.0060975609756097615
2014-01-13,2475,2495,2445,2470,76082,-0.002020202020202033
2014-01-14,2490,2560,2455,2520,309457,0.020242914979757165
2014-01-15,2520,2550,2510,2515,85919,-0.001984126984126977
2014-01-16,2515,2540,2505,2535,93057,0.007952286282306265
2014-01-17,2540,2575,2480,2525,128812,-0.0039447731755424265
2014-01-20,2525,2545,2475,2480,115517,-0.017821782178217838
2014-01-21,2475,2500,2440,2460,134862,-0.008064516129032251
2014-01-22,2480,2825,2480,2825,2968305,0.14837398373983746
2014-01-23,2950,3000,2610,2700,5210271,-0.04424778761061943
2014-01-24,2675,2765,2615,2675,1410740,-0.0092592592592593
2014-01-27,2635,2675,2400,2500,947738,-0.06542056074766356
2014-01-28,2485,2515,2425,2465,411000,-0.014000000000000012
2014-01-29,2495,2525,2465,2465,322645,0.0
2014-02-03,2465,2510,2460,2475,190452,0.0040567951318457585
2014-02-04,2440,2460,2355,2400,412519,-0.030303030303030276
2014-02-05,2410,2460,2385,2385,218675,-0.006249999999999978
2014-02-06,2390,2435,2380,2415,146852,0.012578616352201255
2014-02-07,2440,2450,2415,2440,128048,0.010351966873705987
2014-02-10,2460,2520,2450,2485,315973,0.018442622950819665
2014-02-11,2480,2525,2475,2515,150391,0.012072434607645954
2014-02-12,2520,2530,2485,2510,148755,-0.001988071570576566
2014-02-13,2510,2560,2495,2505,172004,-0.0019920318725099584
2014-02-14,2505,2555,2505,2520,197710,0.0059880239520957446
2014-02-17,2590,2590,2530,2540,132290,0.007936507936507908
2014-02-18,2540,2605,2505,2605,211377,0.025590551181102317
2014-02-19,2505,2515,2425,2440,690774,-0.06333973128598847
2014-02-20,2415,2460,2410,2425,216895,-0.006147540983606592
2014-02-21,2420,2445,2400,2405,134336,-0.008247422680412342
2014-02-24,2400,2430,2350,2350,186617,-0.022869022869022815
2014-02-25,2355,2380,2340,2365,144230,0.006382978723404209
2014-02-26,2370,2405,2365,2365,111152,0.0
2014-02-27,2365,2430,2365,2395,128288,0.012684989429175397
2014-02-28,2400,2430,2390,2410,96608,0.006263048016701411
2014-03-03,2400,2410,2365,2375,109491,-0.014522821576763434
2014-03-04,2350,2400,2350,2380,86022,0.002105263157894832
2014-03-05,2395,2435,2395,2420,75365,0.01680672268907557
2014-03-06,2405,2460,2405,2445,106825,0.010330578512396604
2014-03-07,2455,2505,2445,2470,167492,0.010224948875255713
2014-03-10,2490,2505,2400,2470,216806,0.0
2014-03-11,2470,2490,2430,2470,127975,0.0
2014-03-12,2465,2470,2400,2410,149822,-0.02429149797570851
2014-03-13,2410,2450,2405,2425,104331,0.006224066390041472
2014-03-14,2385,2425,2385,2400,116861,-0.010309278350515427
2014-03-17,2450,2560,2435,2455,308218,0.022916666666666696
2014-03-18,2460,2505,2450,2465,119244,0.004073319755600879
2014-03-19,2465,2490,2415,2415,110857,-0.020283975659229236
2014-03-20,2425,2530,2410,2510,316134,0.039337474120082705
2014-03-21,2585,2725,2565,2615,1363132,0.041832669322709126
2014-03-24,2600,2645,2555,2645,466520,0.011472275334607929
2014-03-25,2630,2645,2590,2600,217577,-0.017013232514177745
2014-03-26,2645,2645,2555,2635,189553,0.013461538461538414
2014-03-27,2625,2800,2600,2655,607592,0.007590132827324458
2014-03-28,2655,2850,2635,2750,1230048,0.03578154425612046
2014-03-31,2815,2815,2690,2720,400761,-0.010909090909090868
2014-04-01,2715,2785,2680,2680,373285,-0.014705882352941124
2014-04-02,2685,2795,2650,2760,556904,0.029850746268656803
2014-04-03,2820,2820,2700,2735,413074,-0.009057971014492794
2014-04-04,2745,2785,2705,2735,222901,0.0
2014-04-07,2755,2860,2700,2700,1119988,-0.012797074954296161
2014-04-08,2745,2745,2595,2655,408083,-0.01666666666666672
2014-04-09,2670,2675,2555,2595,305797,-0.02259887005649719
2014-04-10,2595,2615,2555,2595,230904,0.0
2014-04-11,2565,2600,2555,2585,121927,-0.003853564547206201
2014-04-14,2565,2615,2560,2595,134589,0.003868471953578423
2014-04-15,2605,2625,2590,2590,121949,-0.0019267822736031004
2014-04-16,2615,2625,2575,2620,159162,0.01158301158301156
2014-04-17,2625,2645,2610,2610,135639,-0.003816793893129722
2014-04-18,2610,2720,2610,2690,530454,0.03065134099616862
2014-04-21,2695,2705,2645,2680,135402,-0.0037174721189591198
2014-04-22,2680,2695,2655,2670,119563,-0.003731343283582045
2014-04-23,2670,2685,2615,2635,152177,-0.01310861423220977
2014-04-24,2625,2660,2580,2625,114497,-0.003795066413662229
2014-04-25,2620,2620,2555,2560,109128,-0.024761904761904763
2014-04-28,2550,2585,2550,2555,60478,-0.001953125
2014-04-29,2550,2590,2540,2540,58853,-0.005870841487279899
2014-04-30,2545,2580,2545,2570,55152,0.011811023622047223
2014-05-02,2580,2595,2535,2550,63747,-0.0077821011673151474
2014-05-07,2530,2550,2475,2480,140440,-0.027450980392156876
2014-05-08,2470,2500,2450,2450,98064,-0.012096774193548376
2014-05-09,2460,2480,2440,2450,36757,0.0
2014-05-12,2440,2470,2420,2455,65435,0.0020408163265306367
2014-05-13,2455,2495,2445,2460,127832,0.0020366598778003286
2014-05-14,2465,2515,2455,2510,100243,0.020325203252032464
2014-05-15,2490,2525,2490,2500,70864,-0.003984063745019917
2014-05-16,2490,2515,2475,2495,92198,-0.0020000000000000018
2014-05-19,2500,2505,2445,2450,81124,-0.018036072144288595
2014-05-20,2435,2465,2380,2385,117107,-0.026530612244897944
2014-05-21,2355,2400,2355,2380,77239,-0.002096436058700246
2014-05-22,2380,2415,2375,2390,39625,0.004201680672268893
2014-05-23,2390,2400,2370,2390,59708,0.0
2014-05-26,2375,2395,2335,2365,85959,-0.010460251046025104
2014-05-27,2360,2385,2325,2340,46052,-0.010570824524312905
2014-05-28,2340,2350,2330,2345,45642,0.002136752136752129
2014-05-29,2320,2355,2310,2325,59413,-0.008528784648187626
2014-05-30,2305,2340,2300,2320,80215,-0.0021505376344086446
2014-06-02,2320,2330,2270,2290,84341,-0.012931034482758674
2014-06-03,2270,2290,2215,2225,119736,-0.028384279475982543
2014-06-05,2175,2230,2175,2195,78011,-0.013483146067415741
2014-06-09,2195,2220,2170,2190,89509,-0.002277904328018221
2014-06-10,2190,2250,2180,2250,40335,0.027397260273972712
2014-06-11,2280,2280,2250,2270,26328,0.008888888888888946
2014-06-12,2255,2280,2235,2265,18421,-0.0022026431718061845
2014-06-13,2250,2265,2220,2245,24263,-0.008830022075055233
2014-06-16,2245,2250,2210,2235,51034,-0.0044543429844098315
2014-06-17,2250,2250,2210,2225,69595,-0.004474272930648726
2014-06-18,2215,2235,2205,2235,32318,0.004494382022471877
2014-06-19,2245,2465,2230,2285,542939,0.02237136465324374
2014-06-20,2270,2325,2250,2305,180668,0.00875273522975939
2014-06-23,2305,2325,2275,2280,87254,-0.010845986984815648
2014-06-24,2265,2315,2265,2300,127408,0.00877192982456143
2014-06-25,2300,2320,2235,2245,108516,-0.023913043478260843
2014-06-26,2250,2285,2240,2245,48547,0.0
2014-06-27,2240,2270,2230,2245,65655,0.0
2014-06-30,2225,2265,2225,2260,26065,0.006681514476614803
2014-07-01,2255,2295,2255,2295,28518,0.015486725663716783
2014-07-02,2280,2320,2275,2295,29916,0.0
2014-07-03,2300,2315,2285,2290,34850,-0.002178649237472796
2014-07-04,2285,2325,2285,2320,59226,0.013100436681222627
2014-07-07,2300,2340,2300,2320,29911,0.0
2014-07-08,2330,2355,2290,2315,34952,-0.0021551724137931494
2014-07-09,2295,2320,2270,2280,41337,-0.015118790496760237
2014-07-10,2300,2300,2265,2280,29989,0.0
2014-07-11,2280,2285,2235,2260,74133,-0.00877192982456143
2014-07-14,2300,2300,2265,2280,26355,0.008849557522123908
2014-07-15,2295,2335,2280,2310,71102,0.013157894736842035
2014-07-16,2310,2320,2285,2305,38778,-0.0021645021645021467
2014-07-17,2300,2315,2290,2310,32679,0.002169197396963085
2014-07-18,2255,2310,2255,2305,53148,-0.0021645021645021467
2014-07-21,2305,2315,2285,2310,57900,0.002169197396963085
2014-07-22,2300,2405,2300,2385,218860,0.032467532467532534
2014-07-23,2365,2465,2350,2460,279342,0.03144654088050314
2014-07-24,2460,2505,2415,2480,316605,0.008130081300812941
2014-07-25,2480,2505,2455,2465,152474,-0.006048387096774244
2014-07-28,2480,2480,2420,2460,80809,-0.0020283975659228792
2014-07-29,2435,2530,2415,2500,207365,0.016260162601626105
2014-07-30,2525,2555,2490,2515,213387,0.006000000000000005
2014-07-31,2510,2565,2485,2500,178450,-0.005964214711729587
2014-08-01,2480,2545,2440,2470,121624,-0.01200000000000001
2014-08-04,2470,2510,2450,2470,75245,0.0
2014-08-05,2465,2490,2425,2460,88262,-0.004048582995951455
2014-08-06,2460,2470,2380,2395,75067,-0.026422764227642226
2014-08-07,2350,2425,2350,2380,81015,-0.006263048016701411
2014-08-08,2430,2430,2350,2410,102455,0.012605042016806678
2014-08-11,2410,2425,2390,2400,70016,-0.004149377593360981
2014-08-12,2430,2435,2375,2380,136850,-0.008333333333333304
2014-08-13,2380,2420,2360,2395,44083,0.006302521008403339
2014-08-14,2425,2440,2395,2400,53500,0.0020876826722338038
2014-08-18,2430,2445,2400,2430,42319,0.012499999999999956
2014-08-19,2420,2470,2410,2450,66929,0.008230452674897082
2014-08-20,2465,2505,2445,2470,112950,0.008163265306122547
2014-08-21,2470,2485,2410,2440,78870,-0.012145748987854255
2014-08-22,2460,2460,2380,2450,86150,0.004098360655737654
2014-08-25,2465,2465,2425,2430,58703,-0.008163265306122436
2014-08-26,2465,2470,2405,2410,135604,-0.008230452674897082
2014-08-27,2435,2450,2405,2415,58894,0.0020746887966804906
2014-08-28,2435,2460,2400,2450,60306,0.01449275362318847
2014-08-29,2440,2470,2425,2455,17602,0.0020408163265306367
2014-09-01,2460,2465,2420,2420,47731,-0.014256619144602856
2014-09-02,2420,2440,2400,2430,58991,0.004132231404958775
2014-09-03,2415,2450,2400,2410,84832,-0.008230452674897082
2014-09-04,2550,2600,2450,2470,405869,0.024896265560165887
2014-09-05,2465,2515,2455,2500,67466,0.012145748987854255
2014-09-11,2505,2535,2480,2500,133029,0.0
2014-09-12,2500,2510,2475,2490,64512,-0.0040000000000000036
2014-09-15,2490,2525,2470,2490,72333,0.0
2014-09-16,2510,2515,2485,2495,65968,0.002008032128514081
2014-09-17,2490,2525,2490,2510,59834,0.006012024048096087
2014-09-18,2500,2520,2495,2500,52282,-0.003984063745019917
2014-09-19,2500,2515,2495,2510,46029,0.0040000000000000036
2014-09-22,2510,2520,2495,2495,57143,-0.005976095617529875
2014-09-23,2495,2510,2460,2470,53980,-0.01002004008016033
2014-09-24,2495,2500,2455,2475,21401,0.002024291497975783
2014-09-25,2480,2505,2475,2485,20844,0.004040404040404066
2014-09-26,2460,2485,2440,2460,61201,-0.010060362173038184
2014-09-29,2460,2515,2460,2510,109127,0.020325203252032464
2014-09-30,2500,2535,2480,2510,187143,0.0
2014-10-01,2525,2635,2520,2535,1040759,0.009960159362549792
2014-10-02,2535,2575,2500,2565,180904,0.01183431952662728
2014-10-06,2565,2610,2545,2550,199870,-0.005847953216374324
2014-10-07,2510,2610,2440,2515,463138,-0.013725490196078383
2014-10-08,2470,2525,2460,2470,113024,-0.017892644135188873
2014-10-10,2460,2495,2330,2370,235795,-0.04048582995951422
2014-10-13,2375,2395,2285,2305,172511,-0.02742616033755274
2014-10-14,2285,2355,2280,2320,61893,0.006507592190889477
2014-10-15,2320,2360,2300,2340,89138,0.008620689655172376
2014-10-16,2340,2370,2300,2360,59812,0.008547008547008517
2014-10-17,2375,2390,2335,2350,42466,-0.004237288135593209
2014-10-20,2395,2410,2350,2400,60862,0.02127659574468077
2014-10-21,2385,2415,2375,2400,23881,0.0
2014-10-22,2410,2420,2385,2420,61906,0.008333333333333304
2014-10-23,2430,2430,2410,2410,18195,-0.004132231404958664
2014-10-24,2415,2445,2390,2395,29644,-0.006224066390041472
2014-10-27,2395,2400,2370,2395,31590,0.0
2014-10-28,2390,2420,2360,2385,34406,-0.0041753653444676075
2014-10-29,2385,2410,2385,2400,17851,0.0062893081761006275
2014-10-30,2400,2425,2395,2400,37782,0.0
2014-10-31,2420,2425,2395,2410,37262,0.004166666666666652
2014-11-03,2420,2420,2375,2395,83323,-0.006224066390041472
2014-11-04,2390,2395,2330,2340,76095,-0.022964509394572064
2014-11-05,2330,2360,2310,2340,50755,0.0
2014-11-06,2315,2365,2295,2315,79876,-0.010683760683760646
2014-11-07,2300,2360,2300,2340,21781,0.010799136069114423
2014-11-10,2340,2380,2335,2360,18158,0.008547008547008517
2014-11-11,2350,2385,2350,2375,22661,0.006355932203389925
2014-11-12,2395,2440,2380,2390,65432,0.006315789473684275
2014-11-13,2400,2430,2385,2400,28916,0.004184100418409997
2014-11-14,2400,2410,2385,2390,37117,-0.004166666666666652
2014-11-17,2385,2390,2360,2370,34582,-0.008368200836820106
2014-11-18,2375,2390,2330,2360,42565,-0.00421940928270037
2014-11-19,2365,2385,2345,2360,17495,0.0
2014-11-20,2360,2385,2330,2350,69611,-0.004237288135593209
2014-11-21,2350,2385,2340,2385,25644,0.014893617021276562
2014-11-24,2395,2400,2370,2380,21268,-0.002096436058700246
2014-11-25,2380,2390,2350,2350,39421,-0.012605042016806678
2014-11-26,2355,2380,2350,2375,51822,0.010638297872340496
2014-11-27,2380,2400,2360,2365,30430,-0.004210526315789442
2014-11-28,2365,2380,2330,2335,84734,-0.012684989429175508
2014-12-01,2335,2335,2290,2310,168114,-0.010706638115631661
2014-12-02,2305,2335,2305,2310,48414,0.0
2014-12-03,2300,2360,2300,2320,29768,0.0043290043290042934
2014-12-04,2320,2395,2320,2350,67438,0.012931034482758674
2014-12-05,2355,2400,2355,2395,57387,0.01914893617021285
2014-12-08,2395,2405,2380,2390,14433,-0.0020876826722338038
2014-12-09,2370,2390,2370,2375,38907,-0.006276150627615107
2014-12-10,2360,2380,2360,2370,20228,-0.002105263157894721
2014-12-11,2350,2410,2350,2400,36277,0.012658227848101333
2014-12-12,2410,2415,2385,2415,27746,0.006250000000000089
2014-12-15,2380,2415,2380,2410,24451,-0.0020703933747412417
2014-12-16,2420,2420,2370,2390,53871,-0.008298755186721962
2014-12-17,2390,2390,2350,2365,38743,-0.010460251046025104
2014-12-18,2360,2370,2280,2330,68278,-0.014799154334038
2014-12-19,2330,2370,2330,2330,48087,0.0
2014-12-22,2325,2365,2325,2365,31515,0.015021459227467782
2014-12-23,2350,2380,2345,2370,15365,0.0021141649048626032
2014-12-24,2355,2420,2355,2370,26919,0.0
2014-12-26,2395,2410,2370,2400,120374,0.012658227848101333
2014-12-29,2355,2355,2275,2275,86761,-0.05208333333333337
2014-12-30,2275,2300,2260,2265,17571,-0.00439560439560438
2015-01-02,2250,2290,2230,2280,47396,0.0066225165562914245
2015-01-05,2280,2285,2255,2275,23006,-0.002192982456140302
2015-01-06,2255,2325,2230,2275,141274,0.0
2015-01-07,2295,2295,2160,2160,187355,-0.05054945054945059
2015-01-08,2180,2200,2150,2175,62292,0.00694444444444442
2015-01-09,2175,2220,2165,2190,68528,0.006896551724137945
2015-01-12,2190,2215,2180,2190,70057,0.0
2015-01-13,2190,2200,2160,2175,66496,-0.006849315068493178
2015-01-14,2175,2185,2155,2165,43016,-0.0045977011494252595
2015-01-15,2180,2180,2120,2145,123999,-0.009237875288683584
2015-01-16,2145,2160,2120,2145,49119,0.0
2015-01-19,2145,2155,2120,2140,40238,-0.002331002331002363
2015-01-20,2130,2155,2125,2140,21434,0.0
2015-01-21,2140,2180,2135,2170,122704,0.014018691588784993
2015-01-22,2160,2180,2140,2165,62448,-0.0023041474654378336
2015-01-23,2160,2175,2150,2165,30998,0.0
2015-01-26,2150,2175,2140,2150,34005,-0.006928406466512715
2015-01-27,2150,2175,2150,2155,45612,0.0023255813953488857
2015-01-28,2155,2175,2150,2160,45038,0.002320185614849146
2015-01-29,2145,2165,2120,2120,78311,-0.01851851851851849
2015-01-30,2120,2140,2100,2120,62890,0.0
2015-02-02,2105,2120,2030,2075,64355,-0.021226415094339646
2015-02-03,2060,2090,2045,2060,35487,-0.0072289156626506035
2015-02-04,2065,2085,2025,2075,41768,0.00728155339805836
2015-02-05,2075,2080,2055,2070,39268,-0.002409638554216831
2015-02-06,2070,2095,2070,2090,41400,0.009661835748792313
2015-02-09,2085,2095,2065,2075,72627,-0.0071770334928229484
2015-02-10,2075,2090,2070,2085,42192,0.004819277108433662
2015-02-11,2085,2090,2055,2080,45237,-0.0023980815347721673
2015-02-12,2080,2095,2065,2075,31457,-0.0024038461538461453
2015-02-13,2070,2085,2065,2085,40004,0.004819277108433662
2015-02-16,2085,2090,2070,2090,10776,0.0023980815347721673
2015-02-17,2085,2090,2075,2085,16501,-0.0023923444976076125
2015-02-23,2090,2090,2060,2090,53722,0.0023980815347721673
2015-02-24,2080,2090,2060,2090,70525,0.0
2015-02-25,2095,2135,2090,2110,118443,0.009569377990430672
2015-02-26,2105,2125,2100,2110,55295,0.0
2015-02-27,2110,2250,2105,2215,251773,0.04976303317535535
2015-03-02,2270,2300,2155,2190,385325,-0.011286681715575675
2015-03-03,2200,2215,2165,2200,102559,0.004566210045662045
2015-03-04,2185,2245,2165,2230,145316,0.013636363636363669
2015-03-05,2230,2310,2225,2290,172598,0.026905829596412634
2015-03-06,2315,2315,2255,2275,141060,-0.0065502183406113135
2015-03-09,2275,2325,2255,2280,123319,0.00219780219780219
2015-03-10,2270,2295,2240,2290,76281,0.004385964912280604
2015-03-11,2265,2360,2255,2310,358962,0.008733624454148492
2015-03-12,2350,2470,2290,2375,1099822,0.02813852813852824
2015-03-13,2395,2405,2330,2370,235350,-0.002105263157894721
2015-03-16,2350,2410,2340,2400,158426,0.012658227848101333
2015-03-17,2395,2405,2325,2350,242097,-0.02083333333333337
2015-03-18,2350,2350,2295,2310,149179,-0.017021276595744705
2015-03-19,2315,2330,2280,2300,56997,-0.0043290043290042934
2015-03-20,2300,2325,2300,2305,36951,0.0021739130434783593
2015-03-23,2300,2315,2250,2290,76972,-0.006507592190889366
2015-03-24,2290,2305,2275,2295,69905,0.0021834061135370675
2015-03-25,2295,2320,2280,2300,47708,0.002178649237472685
2015-03-26,2310,2320,2260,2280,58910,-0.008695652173912993
2015-03-27,2270,2295,2215,2235,108231,-0.019736842105263164
2015-03-30,2235,2250,2210,2240,65304,0.0022371364653244186
2015-03-31,2250,2265,2215,2225,148049,-0.006696428571428603
2015-04-01,2225,2245,2205,2230,63840,0.0022471910112360494
2015-04-02,2240,2295,2240,2265,170190,0.015695067264573925
2015-04-03,2270,2300,2265,2290,87840,0.011037527593819041
2015-04-06,2290,2320,2290,2305,66786,0.0065502183406114245
2015-04-07,2315,2325,2280,2310,100835,0.002169197396963085
2015-04-08,2300,2325,2280,2310,84272,0.0
2015-04-09,2325,2345,2310,2340,92116,0.01298701298701288
2015-04-10,2345,2375,2315,2345,103855,0.002136752136752129
2015-04-13,2340,2370,2330,2355,66222,0.004264392324093924
2015-04-14,2355,2365,2305,2320,83519,-0.014861995753715496
2015-04-15,2320,2345,2315,2330,26596,0.004310344827586299
2015-04-16,2330,2350,2310,2330,59119,0.0
2015-04-17,2330,2330,2310,2330,53882,0.0
2015-04-20,2325,2350,2310,2335,40511,0.0021459227467810482
2015-04-21,2335,2360,2325,2350,76364,0.0064239828693790635
2015-04-22,2355,2365,2195,2280,285378,-0.029787234042553234
2015-04-23,2285,2305,2255,2260,60418,-0.00877192982456143
2015-04-24,2260,2285,2240,2255,42174,-0.0022123893805309214
2015-04-27,2255,2285,2255,2285,20446,0.013303769401330268
2015-04-28,2290,2310,2250,2265,106020,-0.008752735229759279
2015-04-29,2265,2285,2245,2275,83623,0.004415011037527616
2015-04-30,2260,2295,2255,2270,38193,-0.00219780219780219
2015-05-04,2285,2285,2240,2260,30074,-0.004405286343612369
2015-05-06,2260,2275,2200,2225,54620,-0.015486725663716783
2015-05-07,2220,2245,2190,2230,28089,0.0022471910112360494
2015-05-08,2230,2250,2210,2230,46167,0.0
2015-05-11,2230,2250,2230,2245,20709,0.006726457399103047
2015-05-12,2250,2265,2230,2265,59587,0.008908685968819663
2015-05-13,2270,2295,2270,2295,72335,0.013245033112582849
2015-05-14,2300,2310,2270,2290,23110,-0.002178649237472796
2015-05-15,2285,2320,2285,2290,43601,0.0
2015-05-18,2295,2305,2265,2285,42395,-0.0021834061135370675
2015-05-19,2285,2285,2255,2280,35564,-0.002188183807439792
2015-05-20,2280,2345,2255,2295,67723,0.006578947368421018
2015-05-21,2275,2310,2265,2265,51543,-0.013071895424836555
2015-05-22,2285,2350,2265,2325,106538,0.026490066225165476
2015-05-26,2320,2420,2320,2380,307633,0.023655913978494647
2015-05-27,2365,2380,2285,2315,70118,-0.027310924369747913
2015-05-28,2315,2345,2295,2325,76076,0.004319654427645814
2015-05-29,2315,2360,2305,2315,58539,-0.004301075268817178
2015-06-01,2315,2335,2260,2300,84708,-0.006479481641468721
2015-06-02,2295,2295,2190,2225,195951,-0.03260869565217395
2015-06-03,2205,2240,2180,2220,39257,-0.0022471910112359383
2015-06-04,2215,2240,2215,2220,28649,0.0
2015-06-05,2205,2225,2195,2195,96756,-0.011261261261261257
2015-06-08,2195,2230,2170,2230,27070,0.015945330296127658
2015-06-09,2230,2250,2225,2235,16223,0.0022421524663676085
2015-06-10,2235,2250,2205,2210,31321,-0.01118568232662187
2015-06-11,2210,2230,2200,2205,55516,-0.002262443438914019
2015-06-12,2205,2235,2195,2220,35325,0.006802721088435382
2015-06-15,2230,2230,2200,2215,48080,-0.0022522522522522292
2015-06-16,2215,2220,2185,2220,50855,0.0022573363431150906
2015-06-17,2220,2225,2190,2195,22511,-0.011261261261261257
2015-06-18,2200,2220,2180,2215,13415,0.009111617312072884
2015-06-19,2205,2235,2200,2230,25392,0.006772009029345272
2015-06-22,2230,2240,2220,2230,10207,0.0
2015-06-23,2240,2245,2220,2220,17301,-0.004484304932735439
2015-06-24,2225,2280,2225,2235,46647,0.006756756756756799
2015-06-25,2255,2270,2220,2260,34701,0.01118568232662187
2015-06-26,2265,2265,2200,2225,67438,-0.015486725663716783
2015-06-29,2220,2220,2190,2195,43939,-0.013483146067415741
2015-06-30,2185,2215,2180,2190,59775,-0.002277904328018221
2015-07-01,2200,2230,2170,2205,48066,0.006849315068493178
2015-07-02,2205,2230,2195,2230,24952,0.01133786848072571
2015-07-03,2285,2315,2240,2260,92198,0.013452914798206317
2015-07-06,2275,2300,2250,2270,107341,0.004424778761061843
2015-07-07,2280,2365,2270,2330,193824,0.026431718061673992
2015-07-08,2310,2365,2295,2335,113461,0.0021459227467810482
2015-07-09,2335,2340,2270,2305,60252,-0.012847965738758016
2015-07-10,2290,2360,2285,2335,64237,0.013015184381778733
2015-07-13,2330,2390,2330,2355,38844,0.008565310492505418
2015-07-14,2355,2380,2315,2335,90312,-0.00849256900212314
2015-07-15,2350,2350,2305,2330,69935,-0.0021413276231263545
2015-07-16,2315,2365,2315,2335,50641,0.0021459227467810482
2015-07-17,2335,2360,2295,2315,123872,-0.008565310492505307
2015-07-20,2315,2335,2310,2325,68056,0.004319654427645814
2015-07-21,2320,2625,2310,2570,792643,0.10537634408602159
2015-07-22,2530,2615,2505,2560,353883,-0.0038910505836575737
2015-07-23,2560,2745,2510,2600,893321,0.015625
2015-07-24,2595,2595,2475,2520,284584,-0.03076923076923077
2015-07-27,2520,2520,2385,2400,188755,-0.04761904761904767
2015-07-28,2375,2475,2360,2475,166251,0.03125
2015-07-29,2450,2475,2405,2455,110601,-0.008080808080808133
2015-07-30,2440,2505,2365,2365,118304,-0.03665987780040736
2015-07-31,2365,2395,2315,2390,73028,0.010570824524312794
2015-08-03,2385,2405,2365,2400,29551,0.004184100418409997
2015-08-04,2380,2445,2350,2355,88671,-0.018750000000000044
2015-08-05,2355,2405,2340,2405,102032,0.02123142250530785
2015-08-06,2410,2430,2365,2415,67083,0.004158004158004047
2015-08-07,2390,2415,2365,2380,50621,-0.01449275362318836
2015-08-10,2380,2400,2315,2320,108687,-0.025210084033613467
2015-08-11,2320,2360,2310,2355,91525,0.015086206896551824
2015-08-12,2355,2355,2255,2310,93079,-0.019108280254777066
2015-08-13,2280,2335,2275,2320,17297,0.0043290043290042934
2015-08-17,2305,2305,2230,2250,194814,-0.030172413793103425
2015-08-18,2250,2270,2185,2195,94011,-0.02444444444444449
2015-08-19,2175,2210,2060,2090,177340,-0.04783599088838264
2015-08-20,2075,2135,2060,2100,84007,0.004784688995215225
2015-08-21,2050,2075,1900,1945,159360,-0.07380952380952377
2015-08-24,1955,2025,1945,1955,67565,0.005141388174807249
2015-08-25,1950,2085,1950,2055,60360,0.051150895140664954
2015-08-26,2070,2135,2050,2090,136087,0.017031630170316392
2015-08-27,2120,2135,2075,2120,38976,0.014354066985645897
2015-08-28,2110,2185,2110,2160,32686,0.018867924528301883
2015-08-31,2170,2170,2125,2160,7142,0.0
2015-09-01,2140,2180,2120,2120,33338,-0.01851851851851849
2015-09-02,2100,2335,2095,2335,289645,0.10141509433962259
2015-09-03,2400,2470,2290,2340,354581,0.0021413276231263545
2015-09-04,2340,2420,2255,2340,165533,0.0
2015-09-07,2350,2430,2300,2355,151895,0.0064102564102563875
2015-09-08,2390,2390,2270,2315,121938,-0.01698513800424628
2015-09-09,2300,2350,2265,2320,116980,0.002159827213822796
2015-09-10,2320,2335,2265,2285,48259,-0.015086206896551713
2015-09-11,2285,2330,2270,2320,53932,0.015317286652078765
2015-09-14,2320,2340,2275,2320,63746,0.0
2015-09-15,2320,2375,2295,2360,61468,0.01724137931034475
2015-09-16,2340,2385,2335,2365,78442,0.0021186440677967155
2015-09-17,2385,2660,2365,2575,1444697,0.08879492600422823
2015-09-18,2725,2945,2460,2530,3440492,-0.01747572815533982
2015-09-21,2570,2640,2425,2460,632149,-0.02766798418972327
2015-09-22,2455,2475,2395,2435,365743,-0.010162601626016232
2015-09-23,2375,2465,2350,2370,262969,-0.026694045174537995
2015-09-24,2385,2480,2365,2430,253509,0.025316455696202445
2015-09-25,2450,2455,2370,2430,186643,0.0
2015-09-30,2395,2440,2375,2435,77409,0.002057613168724215
2015-10-01,2435,2445,2385,2415,104291,-0.008213552361396315
2015-10-02,2435,2675,2415,2545,1381880,0.053830227743271175
2015-10-05,2545,2660,2490,2575,601685,0.011787819253438192
2015-10-06,2610,2660,2520,2530,277258,-0.01747572815533982
2015-10-07,2520,3285,2520,3170,6574156,0.25296442687747045
2015-10-08,3000,3045,2815,2860,1998579,-0.09779179810725547
2015-10-12,2905,3045,2815,2855,1551574,-0.0017482517482517723
2015-10-13,2830,2880,2760,2810,569851,-0.015761821366024553
2015-10-14,2820,2905,2795,2815,715675,0.001779359430605032
2015-10-15,2835,3070,2755,2775,1477884,-0.014209591474245165
2015-10-16,2805,3100,2710,3020,3619261,0.08828828828828827
2015-10-19,3030,3465,2885,2900,5985583,-0.039735099337748325
2015-10-20,2920,2930,2755,2775,760641,-0.0431034482758621
2015-10-21,2785,2815,2705,2705,335189,-0.02522522522522519
2015-10-22,2725,2725,2570,2570,446017,-0.049907578558225474
2015-10-23,2590,2705,2575,2580,326862,0.0038910505836575737
2015-10-26,2640,2670,2575,2630,195522,0.019379844961240345
2015-10-27,2630,2760,2600,2660,332221,0.011406844106463865
2015-10-28,2700,2700,2550,2575,247874,-0.03195488721804507
2015-10-29,2605,2615,2560,2585,155719,0.003883495145631022
2015-10-30,2575,2605,2500,2500,126653,-0.03288201160541582
2015-11-02,2500,2545,2475,2495,72110,-0.0020000000000000018
2015-11-03,2495,2550,2495,2510,87627,0.006012024048096087
2015-11-04,2510,2530,2485,2500,118512,-0.003984063745019917
2015-11-05,2505,2580,2500,2530,84517,0.01200000000000001
2015-11-06,2550,2550,2455,2480,101479,-0.01976284584980237
2015-11-09,2480,2500,2400,2410,96370,-0.028225806451612878
2015-11-10,2360,2400,2250,2300,182761,-0.0456431535269709
2015-11-11,2300,2380,2300,2345,44411,0.019565217391304346
2015-11-12,2340,2365,2330,2335,45379,-0.004264392324093813
2015-11-13,2315,2350,2305,2335,65217,0.0
2015-11-16,2300,2325,2260,2275,63963,-0.025695931477516032
2015-11-17,2285,2335,2285,2320,36468,0.01978021978021971
2015-11-18,2310,2380,2310,2325,72615,0.0021551724137931494
2015-11-19,2350,2365,2325,2345,73320,0.008602150537634357
2015-11-20,2340,2490,2340,2420,123620,0.031982942430703654
2015-11-23,2405,2470,2400,2445,92983,0.010330578512396604
2015-11-24,2420,2475,2420,2465,59472,0.008179959100204526
2015-11-25,2440,2490,2440,2465,81265,0.0
2015-11-26,2470,2480,2435,2435,42474,-0.012170385395537497
2015-11-27,2420,2490,2400,2485,131622,0.02053388090349073
2015-11-30,2525,2865,2510,2585,2152114,0.04024144869215296
2015-12-01,2560,2605,2485,2550,291971,-0.013539651837524147
2015-12-02,2575,3115,2560,2695,5844528,0.056862745098039236
2015-12-03,2680,2850,2620,2720,848917,0.00927643784786647
2015-12-04,2670,2885,2670,2730,864637,0.003676470588235281
2015-12-07,2700,2800,2695,2725,337761,-0.001831501831501825
2015-12-08,2730,2740,2565,2565,520409,-0.05871559633027523
2015-12-09,2565,2625,2565,2595,273263,0.011695906432748648
2015-12-10,2650,2685,2585,2650,269716,0.021194605009633882
2015-12-11,2675,2720,2565,2625,218170,-0.009433962264150941
2015-12-14,2570,2595,2455,2465,347316,-0.06095238095238098
2015-12-15,2460,2580,2460,2575,201694,0.04462474645030423
2015-12-16,2590,2665,2550,2650,149570,0.029126213592232997
2015-12-17,2680,2720,2620,2645,92854,-0.0018867924528301883
2015-12-18,2620,2680,2620,2660,93685,0.005671077504725952
2015-12-21,2635,2730,2610,2730,189795,0.026315789473684292
2015-12-22,2745,2935,2685,2900,722079,0.06227106227106227
2015-12-23,2945,2990,2750,2805,688084,-0.03275862068965518
2015-12-24,2820,2860,2710,2780,302847,-0.0089126559714795
2015-12-28,2735,2760,2670,2720,263718,-0.021582733812949617
2015-12-29,2695,2780,2665,2670,194617,-0.018382352941176516
2015-12-30,2670,2730,2660,2660,123671,-0.0037453183520599342
2016-01-04,2630,2685,2570,2570,185698,-0.03383458646616544
2016-01-05,2575,2890,2575,2720,779122,0.05836575875486383
2016-01-06,2735,2770,2655,2770,246528,0.018382352941176405
2016-01-07,2770,2800,2655,2695,258643,-0.027075812274368283
2016-01-08,2630,2630,2505,2550,384235,-0.05380333951762528
2016-01-11,2550,2560,2500,2510,170776,-0.015686274509803977
2016-01-12,2520,2580,2480,2540,158381,0.01195219123505975
2016-01-13,2585,2585,2480,2525,141053,-0.0059055118110236116
2016-01-14,2490,2545,2450,2465,93999,-0.023762376237623783
2016-01-15,2600,2825,2560,2560,960417,0.03853955375253548
2016-01-18,2550,2700,2550,2670,419397,0.04296875
2016-01-19,2675,2715,2570,2600,223556,-0.02621722846441943
2016-01-20,2590,2610,2425,2470,187212,-0.050000000000000044
2016-01-21,2435,2495,2390,2440,57346,-0.012145748987854255
2016-01-22,2450,2520,2450,2460,46839,0.008196721311475308
2016-01-25,2465,2510,2435,2470,88246,0.004065040650406582
2016-01-26,2425,2460,2405,2405,69538,-0.02631578947368418
2016-01-27,2415,2460,2345,2350,139915,-0.022869022869022815
2016-01-28,2325,2460,2325,2440,81751,0.038297872340425476
2016-01-29,2435,2455,2385,2435,64971,-0.002049180327868827
2016-02-01,2435,2480,2420,2470,74635,0.014373716632443578
2016-02-02,2475,2525,2435,2525,69762,0.022267206477732726
2016-02-03,2530,2530,2405,2475,57785,-0.01980198019801982
2016-02-04,2460,2580,2430,2560,109306,0.03434343434343434
2016-02-05,2535,2620,2535,2550,63277,-0.00390625
2016-02-11,2520,2520,2405,2405,122979,-0.056862745098039236
2016-02-12,2365,2370,2200,2265,139789,-0.058212058212058215
2016-02-15,2205,2400,2205,2350,54183,0.03752759381898452
2016-02-16,2325,2375,2325,2350,31521,0.0
2016-02-17,2365,2390,2325,2365,50866,0.006382978723404209
2016-02-18,2385,2425,2375,2390,70758,0.010570824524312794
2016-02-19,2430,2670,2425,2480,481146,0.03765690376569042
2016-02-22,2500,2540,2450,2460,118091,-0.008064516129032251
2016-02-23,2485,2650,2460,2565,233325,0.04268292682926833
2016-02-24,2555,2620,2540,2590,100213,0.00974658869395717
2016-02-25,2610,2630,2560,2560,130283,-0.01158301158301156
2016-02-26,2600,2620,2560,2580,74933,0.0078125
2016-02-29,2595,2620,2535,2560,102989,-0.007751937984496138
2016-03-02,2580,2645,2580,2585,79928,0.009765625
2016-03-03,2585,2590,2535,2540,90131,-0.01740812379110257
2016-03-04,2545,2585,2520,2585,80672,0.017716535433070835
2016-03-07,2615,2620,2575,2605,76313,0.007736943907156624
2016-03-08,2580,2615,2580,2590,126134,-0.0057581573896353655
2016-03-09,2585,2620,2580,2600,62427,0.0038610038610038533
2016-03-10,2640,2640,2580,2585,54374,-0.005769230769230749
2016-03-11,2585,2640,2575,2610,64209,0.009671179883945946
2016-03-14,2610,2610,2565,2570,75675,-0.01532567049808431
2016-03-15,2570,2595,2555,2580,34576,0.0038910505836575737
2016-03-16,2580,2595,2560,2590,53325,0.003875968992248069
2016-03-17,2725,3060,2690,2695,6001733,0.04054054054054057
2016-03-18,2725,2745,2640,2720,586362,0.00927643784786647
2016-03-21,2720,2815,2675,2785,735853,0.023897058823529438
2016-03-22,2830,2835,2730,2735,373713,-0.01795332136445238
2016-03-23,2750,2770,2645,2665,282168,-0.025594149908592323
2016-03-24,2665,2700,2605,2605,202919,-0.022514071294559068
2016-03-25,2615,2665,2585,2630,199390,0.009596928982725572
2016-03-28,2635,2670,2615,2645,211761,0.005703422053231932
2016-03-29,2645,2770,2645,2725,344861,0.030245746691871522
2016-03-30,2725,2775,2690,2720,193101,-0.0018348623853210455
2016-03-31,2745,2805,2710,2730,223690,0.003676470588235281
2016-04-01,2735,2745,2665,2680,190676,-0.01831501831501836
2016-04-04,2640,2735,2640,2735,127742,0.020522388059701413
2016-04-05,2750,2750,2675,2690,125830,-0.01645338208409508
2016-04-06,2690,2785,2685,2695,206998,0.0018587360594795044
2016-04-07,2695,2725,2635,2655,172250,-0.014842300556586308
2016-04-08,2645,2650,2600,2630,102800,-0.00941619585687381
2016-04-11,2630,2670,2615,2650,59342,0.0076045627376426506
2016-04-12,2650,2705,2625,2705,111409,0.020754716981132182
2016-04-14,2780,3350,2780,2850,7187301,0.05360443622920519
2016-04-15,2815,2875,2750,2775,682134,-0.02631578947368418
2016-04-18,2810,2950,2775,2840,668787,0.023423423423423406
2016-04-19,2840,3250,2830,2900,3953901,0.021126760563380254
2016-04-20,2895,3080,2815,3080,1024091,0.06206896551724128
2016-04-21,3140,3380,3005,3010,2145491,-0.022727272727272707
2016-04-22,2975,3080,2950,2995,491775,-0.004983388704318914
2016-04-25,3060,3195,3020,3060,789556,0.02170283806343898
2016-04-26,3055,3165,2970,3030,519240,-0.009803921568627416
2016-04-27,3040,3150,3030,3080,498869,0.01650165016501659
2016-04-28,3075,3200,3060,3065,525477,-0.004870129870129913
2016-04-29,3060,3100,2980,2990,398049,-0.024469820554649302
2016-05-02,2990,3045,2870,2900,436880,-0.030100334448160515
2016-05-03,2905,3010,2900,2955,199845,0.018965517241379404
2016-05-04,2950,3015,2910,2980,325469,0.008460236886632888
2016-05-09,2980,3170,2980,3050,543304,0.02348993288590595
2016-05-10,3120,3185,3025,3110,437688,0.01967213114754096
2016-05-11,3115,3600,3105,3430,2458395,0.10289389067524124
2016-05-12,3435,3480,3325,3440,612984,0.00291545189504383
2016-05-13,3435,3490,3205,3260,443205,-0.05232558139534882
2016-05-16,3230,3275,3100,3100,317678,-0.049079754601227044
2016-05-17,3160,3195,3010,3090,310084,-0.003225806451612856
2016-05-18,3055,3095,2920,2940,488542,-0.04854368932038833
2016-05-19,2950,3085,2950,3035,254012,0.03231292517006801
2016-05-20,3005,3035,2940,2980,264620,-0.018121911037891292
2016-05-23,2975,3025,2895,2910,295482,-0.023489932885906062
2016-05-24,2910,2955,2745,2795,547045,-0.03951890034364258
2016-05-25,2825,2875,2795,2835,273386,0.014311270125223707
2016-05-26,2855,2945,2795,2890,292659,0.01940035273368612
2016-05-27,2900,2955,2830,2910,298139,0.006920415224913601
2016-05-30,2910,2960,2850,2890,203660,-0.0068728522336769515
2016-05-31,2935,2935,2855,2885,125257,-0.0017301038062284002
2016-06-01,2885,2885,2790,2795,201170,-0.03119584055459268
2016-06-02,2810,2820,2720,2775,169134,-0.007155635062611854
2016-06-03,2755,2815,2735,2780,148864,0.0018018018018017834
2016-06-07,2780,2845,2765,2835,115365,0.019784172661870603
2016-06-08,2840,2885,2815,2830,133937,-0.0017636684303351524
2016-06-09,2830,2835,2770,2775,127200,-0.019434628975265045
2016-06-10,2750,2785,2710,2770,116910,-0.0018018018018017834
2016-06-13,2790,2790,2685,2720,169753,-0.018050541516245522
2016-06-14,2685,2745,2630,2745,177240,0.009191176470588314
2016-06-15,2745,2745,2690,2705,126057,-0.014571948998178486
2016-06-16,2680,2705,2550,2575,286945,-0.04805914972273573
2016-06-17,2605,2645,2565,2600,80639,0.009708737864077666
2016-06-20,2600,2640,2595,2610,87696,0.0038461538461538325
2016-06-21,2620,2810,2620,2710,413719,0.03831417624521083
2016-06-22,2740,3170,2690,3170,2018346,0.1697416974169741
2016-06-23,2910,2925,2765,2765,1015899,-0.12776025236593058
2016-06-24,2805,2980,2505,2640,1994335,-0.0452079566003617
2016-06-27,2505,2680,2505,2655,316695,0.005681818181818121
2016-06-28,2600,2820,2600,2795,311076,0.052730696798493515
2016-06-29,2800,2880,2780,2780,412082,-0.00536672629695889
2016-06-30,2785,2975,2785,2915,785895,0.04856115107913661
2016-07-01,2965,2965,2895,2935,357671,0.006861063464836947
2016-07-04,2920,3025,2900,3000,339684,0.022146507666098714
2016-07-05,3005,3020,2890,2920,236018,-0.026666666666666616
2016-07-06,2860,2960,2850,2895,180963,-0.008561643835616417
2016-07-07,2920,2990,2885,2935,169155,0.013816925734024155
2016-07-08,2935,3050,2900,2990,412880,0.01873935264054505
2016-07-11,3035,3035,2955,2980,164061,-0.0033444816053511683
2016-07-12,2980,3095,2970,3085,329027,0.03523489932885915
2016-07-13,3100,3155,3035,3080,377509,-0.0016207455429497752
2016-07-14,3070,3095,3000,3090,243972,0.0032467532467532756
2016-07-15,3090,3140,2995,3005,259617,-0.027508090614886682
2016-07-18,3010,3090,3000,3035,132399,0.009983361064891838
2016-07-19,3080,3080,2960,3000,99657,-0.011532125205930832
2016-07-20,2940,3105,2915,2995,308182,-0.0016666666666667052
2016-07-21,3010,3155,3010,3155,316220,0.05342237061769617
2016-07-22,3215,3405,3055,3135,616678,-0.006339144215530945
2016-07-25,3200,3200,3095,3110,101664,-0.00797448165869219
2016-07-26,3105,3230,3055,3135,185896,0.008038585209003246
2016-07-27,3135,3170,3080,3080,113071,-0.01754385964912286
2016-07-28,3080,3120,3060,3095,89552,0.004870129870129913
2016-07-29,3120,3120,3060,3095,63657,0.0
2016-08-01,3135,3135,3040,3100,83022,0.001615508885298933
2016-08-02,3080,3110,3045,3065,75494,-0.011290322580645107
2016-08-03,3065,3080,3015,3030,92843,-0.011419249592169667
2016-08-04,3030,3100,3015,3085,78440,0.018151815181518094
2016-08-05,3055,3090,3005,3030,69520,-0.017828200972447306
2016-08-08,2985,3065,2985,3020,51918,-0.0033003300330033403
2016-08-09,3020,3060,3020,3045,47169,0.008278145695364225
2016-08-10,3045,3070,3030,3055,61186,0.003284072249589487
2016-08-11,3040,3095,3035,3055,72765,0.0
2016-08-12,3055,3165,3055,3150,166195,0.03109656301145658
2016-08-16,3185,3190,3080,3130,141178,-0.006349206349206327
2016-08-17,3095,3140,2980,3010,189245,-0.03833865814696491
2016-08-18,3000,3020,2975,2990,76509,-0.006644518272425293
2016-08-19,2995,3120,2990,3050,143150,0.02006688963210701
2016-08-22,3030,3130,3025,3035,76598,-0.004918032786885296
2016-08-23,3065,3065,3010,3035,65685,0.0
2016-08-24,3050,3050,2990,2990,50922,-0.014827018121911006
2016-08-25,2970,3030,2970,2975,77250,-0.0050167224080267525
2016-08-26,2980,3015,2950,2965,102290,-0.003361344537815114
2016-08-29,2980,2980,2815,2820,141857,-0.04890387858347389
2016-08-30,2825,2900,2815,2820,115891,0.0
2016-08-31,2825,2885,2800,2810,85524,-0.0035460992907800915
2016-09-01,2810,2895,2810,2885,65521,0.026690391459074814
2016-09-02,2865,2915,2865,2915,45501,0.010398613518197486
2016-09-05,2960,3010,2935,3010,58177,0.032590051457976
2016-09-06,3010,3055,2995,3030,87079,0.006644518272425293
2016-09-07,3045,3045,2950,3025,75284,-0.0016501650165016146
2016-09-08,3080,3085,2945,3000,118003,-0.008264462809917328
2016-09-09,3000,3030,2955,3000,40546,0.0
2016-09-12,2900,2940,2840,2870,82332,-0.043333333333333335
2016-09-13,2900,2940,2850,2850,97408,-0.006968641114982632
2016-09-19,2855,2945,2855,2925,69391,0.026315789473684292
2016-09-20,2905,3030,2895,3015,88359,0.03076923076923066
2016-09-21,2990,3110,2990,3080,207386,0.021558872305140975
2016-09-22,3190,3190,3070,3075,157116,-0.0016233766233766378
2016-09-23,3110,3360,3075,3130,1578904,0.01788617886178856
2016-09-26,3125,3215,3100,3100,229352,-0.009584664536741228
2016-09-27,3065,3305,3065,3305,406564,0.06612903225806455
2016-09-28,3300,3450,3220,3395,409158,0.027231467473525006
2016-09-29,3340,3390,3315,3330,194407,-0.019145802650957333
2016-09-30,3350,3365,3170,3200,156488,-0.03903903903903905
2016-10-04,3185,3345,3185,3305,142899,0.03281249999999991
2016-10-05,3300,3375,3270,3315,150231,0.00302571860816947
2016-10-06,3355,3485,3270,3420,259922,0.03167420814479649
2016-10-07,3480,4400,3445,4180,7676971,0.22222222222222232
2016-10-10,4090,4255,3965,4255,1436594,0.017942583732057482
2016-10-11,4195,4240,4005,4070,1056687,-0.04347826086956519
2016-10-12,4180,4750,3740,3865,7356881,-0.05036855036855037
2016-10-13,3885,4015,3600,3755,1152816,-0.028460543337645583
2016-10-14,3790,3790,3500,3530,658081,-0.059920106524633865
2016-10-17,3495,3560,3440,3555,397494,0.007082152974504208
2016-10-18,3530,3610,3365,3380,489109,-0.049226441631504914
2016-10-19,3395,3445,3300,3435,265824,0.016272189349112454
2016-10-20,3435,3455,3325,3370,185344,-0.018922852983988325
2016-10-21,3340,3435,3325,3330,120405,-0.011869436201780381
2016-10-24,3340,3395,3270,3270,85762,-0.018018018018018056
2016-10-25,3280,3520,3280,3325,409359,0.01681957186544336
2016-10-26,3330,3330,3085,3210,303511,-0.0345864661654135
2016-10-27,3155,3395,3155,3365,190980,0.04828660436137078
2016-10-28,3360,3360,3225,3225,126613,-0.04160475482912329
2016-10-31,3400,3450,3160,3310,366785,0.02635658914728678
2016-11-01,3240,4110,3230,3735,6204211,0.1283987915407856
2016-11-02,3690,3870,3480,3870,2205230,0.03614457831325302
2016-11-03,3755,4015,3680,3885,1866927,0.003875968992248069
2016-11-04,3905,4020,3700,3895,1249099,0.002574002574002643
2016-11-07,3950,4225,3720,3720,2692324,-0.04492939666238771
2016-11-08,3735,3880,3620,3690,891962,-0.008064516129032251
2016-11-09,3715,3740,3030,3240,1039589,-0.12195121951219512
2016-11-10,3330,3430,3325,3365,426794,0.03858024691358031
2016-11-11,3340,3470,3340,3465,347916,0.029717682020802272
2016-11-14,3425,4165,3425,3855,4902831,0.11255411255411252
2016-11-15,3710,3925,3670,3880,1428381,0.006485084306095956
2016-11-16,3940,4020,3780,3945,1380568,0.01675257731958757
2016-11-17,3955,4425,3885,4085,5655363,0.03548795944233207
2016-11-18,4020,4200,3895,4200,861729,0.028151774785801775
2016-11-21,4150,4175,3940,4060,773041,-0.033333333333333326
2016-11-22,4060,4150,3805,3900,612531,-0.039408866995073843
2016-11-23,3920,4075,3695,3695,747103,-0.0525641025641026
2016-11-24,3710,3920,3550,3745,471285,0.013531799729364025
2016-11-25,3705,3905,3650,3820,342679,0.020026702269692942
2016-11-28,3900,4025,3750,3865,547841,0.011780104712041828
2016-11-29,3870,4430,3805,4370,3008629,0.13065976714100902
2016-11-30,4300,4385,4195,4370,1310163,0.0
2016-12-01,4385,4600,4235,4425,4419597,0.012585812356979309
2016-12-02,4370,4425,4075,4140,1349455,-0.06440677966101693
2016-12-05,4100,4240,3955,3990,667893,-0.036231884057971064
2016-12-06,3985,4225,3965,4160,630720,0.04260651629072676
2016-12-07,4175,4190,3980,4025,339881,-0.03245192307692313
2016-12-08,4045,4700,4040,4370,4589604,0.08571428571428563
2016-12-09,4360,4525,4285,4415,1885598,0.010297482837528626
2016-12-12,4500,4710,4315,4400,1964112,-0.003397508493771184
2016-12-13,4430,4570,4330,4560,687813,0.036363636363636376
2016-12-14,4580,4690,4285,4305,896671,-0.05592105263157898
2016-12-15,4300,4405,4225,4340,247793,0.008130081300812941
2016-12-16,4350,4390,4190,4190,315439,-0.03456221198156684
2016-12-19,4190,4400,4120,4340,438113,0.03579952267303099
2016-12-20,4370,4395,4280,4325,158328,-0.003456221198156695
2016-12-21,4300,4490,4220,4490,371138,0.03815028901734108
2016-12-22,4450,4490,4345,4380,253841,-0.024498886414253906
2016-12-23,4400,4475,4340,4345,204566,-0.007990867579908634
2016-12-26,4345,4380,4055,4055,375328,-0.06674338319907935
2016-12-27,4100,4185,4080,4110,193922,0.013563501849568338
2016-12-28,4085,4210,4065,4115,179008,0.0012165450121655041
2016-12-29,4080,4220,4075,4175,119665,0.014580801944106936
2017-01-02,4315,4445,4265,4330,440943,0.037125748502994105
2017-01-03,4280,4440,4280,4420,259442,0.020785219399538146
2017-01-04,4500,4555,4375,4390,445173,-0.006787330316742057
2017-01-05,4345,4490,4345,4440,214526,0.011389521640091216
2017-01-06,4435,4435,4300,4360,173052,-0.018018018018018056
2017-01-09,4360,5190,4340,4685,5032348,0.0745412844036697
2017-01-10,4685,4840,4600,4715,1828677,0.006403415154749181
2017-01-11,4795,4895,4615,4695,637219,-0.0042417815482502785
2017-01-12,4665,5000,4580,4610,2035413,-0.018104366347177825
2017-01-13,4655,4745,4495,4600,550303,-0.002169197396963085
2017-01-16,4635,5090,4535,4535,3504416,-0.01413043478260867
2017-01-17,4485,4670,4420,4510,718836,-0.005512679162072764
2017-01-18,4500,4560,4240,4310,699328,-0.04434589800443456
2017-01-19,4275,4275,4080,4100,445305,-0.04872389791183296
2017-01-20,4120,4175,3880,3880,491221,-0.0536585365853659
2017-01-23,3890,4350,3870,3950,1932931,0.018041237113401998
2017-01-24,3905,3925,3620,3675,749920,-0.069620253164557
2017-01-25,3660,3770,3605,3610,272428,-0.017687074829931926
2017-01-26,3615,3730,3585,3715,158611,0.02908587257617734
2017-01-31,3745,3815,3725,3755,279635,0.010767160161507361
2017-02-01,3750,3850,3730,3770,256108,0.003994673768308976
2017-02-02,3750,3785,3485,3545,408606,-0.05968169761273212
2017-02-03,3520,3715,3520,3545,411987,0.0
2017-02-06,3545,3660,3495,3660,176979,0.03244005641748937
2017-02-07,3650,3650,3545,3575,138419,-0.023224043715846965
2017-02-08,3575,3665,3530,3530,132748,-0.012587412587412583
2017-02-09,3530,3680,3530,3650,174419,0.03399433427762033
2017-02-10,3650,3690,3580,3650,147160,0.0
2017-02-13,3625,3745,3625,3700,131170,0.013698630136986356
2017-02-14,3670,3725,3635,3635,120062,-0.01756756756756761
2017-02-15,3610,3705,3610,3695,114651,0.016506189821182904
2017-02-16,3685,3720,3605,3645,120596,-0.013531799729364025
2017-02-17,3660,4160,3660,3815,1952866,0.04663923182441709
2017-02-20,3785,3875,3770,3835,275371,0.005242463958060384
2017-02-21,3845,3875,3775,3800,226964,-0.009126466753585416
2017-02-22,3780,3875,3765,3795,251187,-0.001315789473684159
2017-02-23,3785,3865,3670,3680,194421,-0.030303030303030276
2017-02-24,3680,3720,3550,3570,145897,-0.029891304347826053
2017-02-27,3580,3645,3545,3550,78583,-0.0056022408963585235
2017-02-28,3610,3610,3500,3520,74534,-0.008450704225352101
2017-03-02,3560,3635,3405,3435,141668,-0.024147727272727293
2017-03-03,3435,3645,3400,3400,305781,-0.010189228529839833
2017-03-06,3375,3495,3265,3470,125471,0.020588235294117574
2017-03-07,3530,3600,3430,3440,91138,-0.008645533141210415
2017-03-08,3440,3625,3305,3560,205002,0.03488372093023262
2017-03-09,3560,3595,3465,3495,108881,-0.018258426966292096
2017-03-10,3500,4020,3215,3760,1651642,0.07582260371959948
2017-03-13,3720,3875,3710,3765,392994,0.0013297872340425343
2017-03-14,3735,3890,3735,3845,278050,0.021248339973439556
2017-03-15,3860,4125,3780,3805,1055181,-0.01040312093628093
2017-03-16,3780,3955,3780,3955,255139,0.03942181340341655
2017-03-17,3985,4035,3750,3755,299191,-0.050568900126422234
2017-03-20,3670,3780,3655,3705,107514,-0.013315579227696439
2017-03-21,3695,3835,3695,3775,121853,0.018893387314439902
2017-03-22,3775,3795,3700,3715,64450,-0.015894039735099286
2017-03-23,3725,3810,3625,3645,102388,-0.018842530282637937
2017-03-24,3620,3685,3575,3670,103619,0.006858710562414272
2017-03-27,3675,3720,3580,3585,100013,-0.023160762942779245
2017-03-28,3615,3755,3590,3675,106804,0.025104602510460206
2017-03-29,3750,4375,3750,4020,6453808,0.09387755102040818
2017-03-30,4020,4165,3950,4105,1197890,0.021144278606965106
2017-03-31,4140,4185,4025,4090,467631,-0.0036540803897685548
2017-04-03,4090,4140,4020,4135,316944,0.011002444987775029
2017-04-04,4175,4180,3800,3885,679272,-0.060459492140266025
2017-04-05,3910,3985,3810,3950,405505,0.016731016731016624
2017-04-06,3950,3980,3850,3855,258706,-0.024050632911392422
2017-04-07,3890,4170,3865,3995,792439,0.03631647211413758
2017-04-10,3985,3985,3770,3840,407145,-0.038798498122653347
2017-04-11,3800,3870,3530,3720,230720,-0.03125
2017-04-12,3670,3730,3610,3660,174032,-0.016129032258064502
2017-04-13,3635,3740,3600,3725,115898,0.01775956284153013
2017-04-14,3725,3725,3520,3600,194808,-0.03355704697986572
2017-04-17,3550,3645,3540,3635,124981,0.009722222222222188
2017-04-18,3605,3660,3600,3655,64301,0.005502063273727709
2017-04-19,3655,3715,3630,3690,75133,0.009575923392612928
2017-04-20,3650,3705,3615,3635,106576,-0.01490514905149054
2017-04-21,3635,3705,3605,3700,126303,0.017881705639614776
2017-04-24,3755,3855,3535,3535,459952,-0.04459459459459458
2017-04-25,3535,3575,3480,3500,152118,-0.00990099009900991
2017-04-26,3520,3540,3480,3490,91574,-0.0028571428571428914
2017-04-27,3490,3535,3400,3430,80256,-0.017191977077363862
2017-04-28,3490,3520,3400,3415,94667,-0.004373177842565634
2017-05-02,3415,3450,3275,3295,152363,-0.03513909224011713
2017-05-04,3260,3325,3260,3290,73474,-0.0015174506828528056
2017-05-08,3315,3375,3290,3350,65226,0.01823708206686936
2017-05-10,3350,3400,3315,3385,62956,0.010447761194029903
2017-05-11,3400,3445,3355,3360,65587,-0.00738552437223039
2017-05-12,3360,3405,3335,3365,42040,0.0014880952380953438
2017-05-15,3365,3390,3305,3340,48839,-0.007429420505200568
2017-05-16,3370,3370,3225,3255,101195,-0.025449101796407136
2017-05-17,3260,3290,3220,3260,43485,0.001536098310291889
2017-05-18,3205,3260,3170,3225,81804,-0.010736196319018454
2017-05-19,3240,3280,3220,3235,33740,0.0031007751937983663
2017-05-22,3360,3750,3325,3330,1235236,0.029366306027820643
2017-05-23,3355,3375,3300,3310,84788,-0.006006006006005982
2017-05-24,3330,3395,3285,3290,103531,-0.0060422960725075026
2017-05-25,3335,3335,3250,3290,50920,0.0
2017-05-26,3290,3320,3280,3290,46209,0.0
2017-05-29,3275,3300,3255,3270,41060,-0.006079027355623046
2017-05-30,3260,3280,3250,3265,61231,-0.001529051987767538
2017-05-31,3280,3330,3265,3330,62429,0.019908116385911168
2017-06-01,3330,3330,3260,3290,69209,-0.012012012012011963
2017-06-02,3320,3325,3265,3290,39986,0.0
2017-06-05,3270,3325,3270,3325,67841,0.010638297872340496
2017-06-07,3335,3335,3290,3315,36227,-0.003007518796992459
2017-06-08,3330,3390,3300,3330,94282,0.004524886877828038
2017-06-09,3330,3375,3310,3355,58526,0.007507507507507505
2017-06-12,3370,3375,3330,3350,55249,-0.0014903129657227732
2017-06-13,3330,3415,3330,3395,89712,0.013432835820895495
2017-06-14,3395,3425,3385,3425,73006,0.008836524300441795
2017-06-15,3415,3435,3365,3365,62982,-0.017518248175182438
2017-06-16,3365,3400,3320,3350,60745,-0.004457652303120341
2017-06-19,3350,3420,3350,3405,68220,0.016417910447761086
2017-06-20,3390,3425,3350,3355,99990,-0.014684287812041119
2017-06-21,3345,3370,3230,3230,70416,-0.037257824143069995
2017-06-22,3245,3290,3230,3250,51692,0.006191950464396356
2017-06-23,3250,3300,3225,3260,33770,0.003076923076922977
2017-06-26,3250,3285,3215,3215,35827,-0.013803680981595123
2017-06-27,3210,3270,3165,3180,77296,-0.010886469673405896
2017-06-28,3180,3225,3110,3130,92092,-0.01572327044025157
2017-06-29,3105,3130,3055,3075,75992,-0.01757188498402551
2017-06-30,3025,3075,3010,3035,44300,-0.013008130081300862
2017-07-03,3035,3065,2965,2980,74583,-0.018121911037891292
2017-07-04,2970,3030,2970,2980,67196,0.0
2017-07-05,2990,3040,2980,2980,27473,0.0
2017-07-06,2985,3020,2975,3000,39226,0.006711409395973256
2017-07-07,3000,3075,3000,3005,61656,0.0016666666666667052
2017-07-10,3040,3055,2985,3010,24799,0.0016638935108153063
2017-07-11,3040,3040,2950,3005,34041,-0.0016611295681062677
2017-07-12,3005,3030,2805,2840,118922,-0.05490848585690511
2017-07-13,2825,2855,2805,2805,75698,-0.01232394366197187
2017-07-14,2780,2805,2720,2740,88498,-0.02317290552584672
2017-07-17,2715,3065,2710,2835,512395,0.034671532846715314
2017-07-18,2840,3000,2810,3000,164091,0.05820105820105814
2017-07-19,3000,3085,2935,3030,135069,0.010000000000000009
2017-07-20,3060,3085,2975,3010,51563,-0.0066006600660065695
2017-07-21,3000,3040,2965,2985,14659,-0.00830564784053156
2017-07-24,3015,3015,2960,2970,11396,-0.005025125628140725
2017-07-25,2970,3000,2900,2940,50337,-0.010101010101010055
2017-07-26,2935,2950,2895,2935,41474,-0.00170068027210879
2017-07-27,2935,2985,2925,2965,36468,0.010221465076660996
2017-07-28,2985,2985,2910,2965,20103,0.0
2017-07-31,2905,2960,2895,2915,16441,-0.016863406408094472
2017-08-01,2900,2940,2895,2900,21742,-0.005145797598627766
2017-08-02,2895,2940,2875,2900,11988,0.0
2017-08-03,2900,2900,2755,2795,81180,-0.036206896551724155
2017-08-04,2795,2825,2750,2755,32366,-0.014311270125223596
2017-08-07,2780,2825,2705,2810,50318,0.019963702359346636
2017-08-08,2840,2855,2790,2825,35237,0.005338078291814874
2017-08-09,2850,3095,2825,2845,207433,0.0070796460176991705
2017-08-10,2875,2895,2775,2830,46180,-0.005272407732864637
2017-08-11,2825,2845,2770,2770,33644,-0.021201413427561877
2017-08-14,2770,2830,2695,2695,28206,-0.027075812274368283
2017-08-16,2695,2785,2645,2665,37925,-0.011131725417439675
2017-08-17,2675,2720,2635,2655,53971,-0.0037523452157598447
2017-08-18,2630,2665,2625,2655,25584,0.0
2017-08-21,2670,2670,2630,2650,19351,-0.0018832391713747842
2017-08-22,2650,2675,2610,2650,22428,0.0
2017-08-23,2650,2675,2625,2645,40711,-0.0018867924528301883
2017-08-24,2635,2700,2635,2650,58537,0.001890359168241984
2017-08-25,2645,2705,2645,2675,40183,0.009433962264151052
2017-08-28,2680,2695,2650,2685,29488,0.0037383177570093906
2017-08-29,2655,2695,2650,2690,34116,0.0018621973929235924
2017-08-30,2720,3275,2720,2915,6356289,0.08364312267657992
2017-08-31,2885,2915,2850,2890,428602,-0.00857632933104635
2017-09-01,2915,2920,2810,2840,320797,-0.01730103806228378
2017-09-04,2745,2810,2745,2770,145421,-0.02464788732394363
2017-09-05,2775,2810,2700,2760,181204,-0.0036101083032491488
2017-09-06,2730,2785,2725,2785,80427,0.009057971014492683
2017-09-07,2800,2815,2760,2775,85795,-0.0035906642728904536
2017-09-08,2760,2795,2725,2740,110077,-0.012612612612612595
2017-09-11,2770,2770,2735,2755,57811,0.005474452554744547
2017-09-12,2740,2790,2740,2790,56657,0.012704174228675091
2017-09-13,2815,2820,2740,2755,101456,-0.012544802867383464
2017-09-14,2765,2785,2735,2735,76470,-0.007259528130671544
2017-09-15,2735,2740,2695,2720,51586,-0.005484460694698323
2017-09-18,2720,2735,2700,2735,34111,0.005514705882353033
2017-09-19,2735,2750,2710,2750,137999,0.005484460694698434
2017-09-20,2875,2880,2745,2745,273566,-0.0018181818181818299
2017-09-21,2765,2765,2650,2715,100052,-0.010928961748633892
2017-09-22,2680,2770,2625,2625,109809,-0.03314917127071826
2017-09-25,2580,2625,2445,2445,172011,-0.06857142857142862
2017-09-26,2380,2490,2355,2430,89788,-0.006134969325153339
2017-09-27,2455,2550,2415,2495,58975,0.026748971193415683
2017-09-28,2495,2595,2465,2470,44214,-0.01002004008016033
2017-09-29,2470,2520,2465,2500,48758,0.012145748987854255
2017-10-10,2490,2825,2475,2500,703198,0.0
2017-10-11,2505,2610,2505,2560,92050,0.02400000000000002
2017-10-12,2590,2615,2550,2615,34294,0.021484375
2017-10-13,2590,2625,2550,2580,33262,-0.013384321223709361
2017-10-16,2550,2600,2510,2555,32282,-0.009689922480620172
2017-10-17,2560,2575,2525,2540,21668,-0.005870841487279899
2017-10-18,2540,2560,2495,2530,19544,-0.003937007874015741
2017-10-19,2515,2550,2505,2530,34125,0.0
2017-10-20,2520,2560,2520,2560,15779,0.011857707509881354
2017-10-23,2560,2585,2550,2575,25604,0.005859375
2017-10-24,2575,2640,2560,2600,37447,0.009708737864077666
2017-10-25,2630,2650,2595,2620,26772,0.007692307692307665
2017-10-26,2655,2660,2545,2580,51068,-0.01526717557251911
2017-10-27,2580,2590,2535,2570,36715,-0.003875968992248069
2017-10-30,2570,2595,2545,2580,17332,0.0038910505836575737
2017-10-31,2545,2640,2540,2610,47276,0.011627906976744207
2017-11-01,2600,2725,2600,2700,291583,0.034482758620689724
2017-11-02,2700,2710,2650,2650,49059,-0.01851851851851849
2017-11-03,2690,2690,2625,2640,52250,-0.0037735849056603765
2017-11-06,2640,2665,2580,2640,51410,0.0
2017-11-07,2640,2705,2600,2705,85929,0.024621212121212155
2017-11-08,2665,2690,2630,2675,83429,-0.011090573012939031
2017-11-09,2675,2745,2645,2735,149657,0.02242990654205612
2017-11-10,2705,2745,2685,2720,65358,-0.005484460694698323
2017-11-13,2700,2725,2680,2690,35834,-0.011029411764705843
2017-11-14,2690,2720,2665,2695,60318,0.0018587360594795044
2017-11-15,2695,2715,2620,2620,130275,-0.0278293135435993
2017-11-16,2620,2675,2605,2635,74874,0.005725190839694694
2017-11-17,2640,2690,2630,2675,38778,0.015180265654648917
2017-11-20,2675,2785,2675,2715,201413,0.01495327102803734
2017-11-21,2700,2720,2665,2670,70477,-0.016574585635359074
2017-11-22,2665,2720,2665,2675,37979,0.001872659176029856
2017-11-23,2675,2745,2675,2725,77916,0.01869158878504673
2017-11-24,2725,2810,2725,2745,125266,0.007339449541284404
2017-11-27,2755,2790,2715,2720,79345,-0.00910746812386154
2017-11-28,2725,2795,2705,2710,76007,-0.003676470588235281
2017-11-29,2700,2760,2665,2670,96105,-0.014760147601476037
2017-11-30,2670,2710,2630,2635,62650,-0.01310861423220977
2017-12-01,2675,2690,2635,2640,49755,0.00189753320683117
2017-12-04,2650,2675,2620,2635,31918,-0.0018939393939394478
2017-12-05,2650,2665,2615,2635,50043,0.0
2017-12-06,2635,2670,2620,2650,51295,0.005692599620493288
2017-12-07,2680,2680,2585,2615,47469,-0.013207547169811318
2017-12-08,2625,2645,2560,2570,45208,-0.017208413001912004
2017-12-11,2635,2635,2565,2620,37032,0.01945525291828787
2017-12-12,2600,2640,2590,2630,35646,0.003816793893129722
2017-12-13,2630,2650,2605,2630,54580,0.0
2017-12-14,2640,2640,2610,2630,108718,0.0
2017-12-15,2715,2740,2630,2655,164514,0.009505703422053147
2017-12-18,2650,2965,2645,2830,829835,0.06591337099811678
2017-12-19,2840,2940,2650,2765,608595,-0.02296819787985871
2017-12-20,2775,2810,2715,2715,80966,-0.018083182640144635
2017-12-21,2715,2745,2610,2625,112821,-0.03314917127071826
2017-12-22,2600,2690,2600,2620,78708,-0.0019047619047618536
2017-12-26,2665,3050,2615,2720,2707393,0.03816793893129766
2017-12-27,2720,2755,2680,2730,339269,0.003676470588235281
2017-12-28,2745,2940,2685,2825,406995,0.0347985347985349
2018-01-02,2825,2870,2740,2810,244962,-0.005309734513274322
2018-01-03,2820,2920,2805,2850,351019,0.014234875444839812
2018-01-04,2860,2905,2815,2815,149464,-0.012280701754386003
2018-01-05,2795,2825,2730,2795,159594,-0.007104795737122527
2018-01-08,2795,2820,2775,2790,115521,-0.0017889087656529634
2018-01-09,2770,2935,2770,2935,344710,0.051971326164874654
2018-01-10,2890,2930,2870,2870,188686,-0.022146507666098825
2018-01-11,2890,2965,2790,2800,260018,-0.024390243902439046
2018-01-12,2815,2850,2770,2790,94138,-0.0035714285714285587
2018-01-15,2785,2870,2780,2825,102433,0.012544802867383575
2018-01-16,2830,2865,2795,2850,102309,0.008849557522123908
2018-01-17,2855,3230,2830,3025,2101750,0.06140350877192979
2018-01-18,3025,3165,2975,3060,817355,0.011570247933884392
2018-01-19,3060,3105,2995,3075,218741,0.004901960784313708
2018-01-22,3090,3255,3040,3040,455701,-0.011382113821138184
2018-01-23,3060,3075,3010,3050,143132,0.00328947368421062
2018-01-24,3050,3110,3030,3070,121492,0.006557377049180246
2018-01-25,3095,3110,3050,3100,120134,0.009771986970684043
2018-01-26,3175,3195,3100,3195,222931,0.030645161290322687
2018-01-29,3240,3240,3130,3145,190954,-0.015649452269170583
2018-01-30,3155,3155,3040,3100,81343,-0.014308426073131986
2018-01-31,3110,3110,3010,3040,92228,-0.01935483870967747
2018-02-01,3020,3140,3020,3135,84468,0.03125
2018-02-02,3145,3145,3030,3050,116645,-0.027113237639553422
2018-02-05,3020,3020,2860,2915,120956,-0.04426229508196722
2018-02-06,2800,2895,2725,2825,200029,-0.030874785591766707
2018-02-07,2860,2920,2820,2820,72986,-0.001769911504424737
2018-02-08,2820,2935,2780,2895,41405,0.02659574468085113
2018-02-09,2770,2865,2730,2815,95142,-0.02763385146804831
2018-02-12,2815,2890,2770,2800,46637,-0.005328596802841923
2018-02-13,2850,2875,2760,2805,55337,0.0017857142857142794
2018-02-14,2815,2815,2780,2800,17763,-0.0017825311942959443
2018-02-19,2800,2855,2785,2840,29067,0.014285714285714235
2018-02-20,2850,2900,2835,2880,80929,0.014084507042253502
2018-02-21,2885,2955,2885,2925,94834,0.015625
2018-02-22,2975,2975,2890,2905,97845,-0.006837606837606813
2018-02-23,2890,3060,2860,2960,102216,0.018932874354561147
2018-02-26,2990,3000,2940,2950,50769,-0.0033783783783783994
2018-02-27,2980,2980,2900,2920,38943,-0.01016949152542368
2018-02-28,2950,2950,2835,2860,38566,-0.020547945205479423
2018-03-02,2830,2895,2800,2810,40979,-0.0174825174825175
2018-03-05,2835,2880,2790,2855,75965,0.016014234875444844
2018-03-06,2855,2935,2855,2915,32767,0.021015761821365997
2018-03-07,2930,2935,2860,2880,40197,-0.012006861063464824
2018-03-08,2880,2935,2825,2900,42025,0.00694444444444442
2018-03-09,2900,2950,2850,2950,70795,0.01724137931034475
2018-03-12,2950,2970,2925,2950,85139,0.0
2018-03-13,2955,2970,2925,2960,41228,0.003389830508474523
2018-03-14,2950,3075,2950,3000,186188,0.013513513513513598
2018-03-15,3055,3055,2980,2980,72638,-0.00666666666666671
2018-03-16,3000,3030,2975,2985,56402,0.001677852348993314
2018-03-19,2995,3030,2920,2990,167688,0.0016750418760469454
2018-03-20,2990,3000,2945,2970,71364,-0.006688963210702337
2018-03-21,2970,3030,2900,2950,127601,-0.006734006734006703
2018-03-22,2960,2960,2850,2850,77641,-0.03389830508474578
2018-03-23,2840,2840,2660,2660,222390,-0.06666666666666665
2018-03-26,2635,2715,2615,2695,48656,0.013157894736842035
2018-03-27,2715,2800,2680,2720,43968,0.00927643784786647
2018-03-28,2720,2735,2635,2690,60824,-0.011029411764705843
2018-03-29,2690,2690,2640,2670,38138,-0.0074349442379182396
2018-03-30,2725,2750,2680,2745,49529,0.028089887640449396
2018-04-02,2760,2760,2690,2695,42575,-0.01821493624772308
2018-04-03,2670,2670,2640,2650,37413,-0.016697588126159513
2018-04-04,2650,2685,2560,2565,92387,-0.0320754716981132
2018-04-05,2565,2620,2535,2535,39287,-0.011695906432748537
2018-04-06,2535,2560,2525,2525,28392,-0.0039447731755424265
2018-04-09,2525,2530,2490,2525,55111,0.0
2018-04-10,2525,2525,2400,2470,74470,-0.0217821782178218
2018-04-11,2470,2570,2465,2495,57535,0.010121457489878471
2018-04-12,2520,2530,2485,2505,17303,0.004008016032064132
2018-04-13,2530,2540,2500,2500,44314,-0.001996007984031989
2018-04-16,2505,2600,2500,2565,45115,0.026000000000000023
2018-04-17,2565,2610,2540,2595,36888,0.011695906432748648
2018-04-18,2610,2640,2580,2600,51338,0.0019267822736031004
2018-04-19,2625,2650,2520,2550,132249,-0.019230769230769273
2018-04-20,2550,2635,2535,2605,37286,0.021568627450980316
2018-04-23,2585,2675,2580,2610,69363,0.0019193857965451588
2018-04-24,2625,2685,2600,2620,89591,0.003831417624521105
2018-04-25,2615,2675,2580,2620,55499,0.0
2018-04-26,2635,2660,2605,2620,29949,0.0
2018-04-27,2645,2740,2640,2670,109173,0.01908396946564883
2018-04-30,2690,2690,2560,2620,213934,-0.01872659176029967
2018-05-02,2620,2650,2580,2635,89606,0.005725190839694694
2018-05-03,2665,2850,2630,2710,262855,0.028462998102466885
2018-05-04,2715,2765,2670,2685,78658,-0.009225092250922495
2018-05-08,2710,2710,2625,2625,51222,-0.022346368715083775
2018-05-09,2625,2675,2560,2630,81900,0.0019047619047618536
2018-05-10,2630,2690,2615,2665,69334,0.013307984790874583
2018-05-11,2665,2730,2630,2645,40712,-0.007504690431519689
2018-05-14,2675,2685,2615,2645,63296,0.0
2018-05-15,2645,2815,2635,2680,367488,0.013232514177693666
2018-05-16,2685,2685,2620,2630,102729,-0.018656716417910446
2018-05-17,2665,2685,2615,2645,70249,0.005703422053231932
2018-05-18,2690,2690,2645,2660,40480,0.005671077504725952
2018-05-21,2680,2690,2635,2685,57983,0.009398496240601517
2018-05-23,2720,2720,2640,2640,52896,-0.016759776536312887
2018-05-24,2640,2695,2620,2620,30046,-0.007575757575757569
2018-05-25,2555,2600,2545,2600,55792,-0.007633587786259555
2018-05-28,2600,2650,2600,2620,90473,0.007692307692307665
2018-05-29,2610,2615,2600,2600,52022,-0.007633587786259555
2018-05-30,2625,2625,2555,2575,62836,-0.009615384615384581
2018-05-31,2580,2610,2575,2580,56005,0.001941747572815622
2018-06-01,2580,2610,2570,2590,64124,0.003875968992248069
2018-06-04,2595,2640,2590,2625,30280,0.013513513513513598
2018-06-05,2610,2685,2610,2655,90946,0.011428571428571344
2018-06-07,2645,2700,2645,2685,43962,0.011299435028248483
2018-06-08,2690,2700,2645,2650,51815,-0.013035381750465591
2018-06-11,2670,2670,2645,2645,36998,-0.0018867924528301883
2018-06-12,2640,2675,2635,2635,58351,-0.003780718336483968
2018-06-14,2670,2670,2600,2615,60805,-0.007590132827324458
2018-06-15,2640,2655,2565,2565,31437,-0.019120458891013437
2018-06-18,2585,2585,2450,2450,90476,-0.04483430799220278
2018-06-19,2450,2585,2395,2395,67230,-0.022448979591836782
2018-06-20,2395,2490,2395,2405,19262,0.0041753653444676075
2018-06-21,2410,2530,2410,2485,102320,0.033264033264033266
2018-06-22,2445,2520,2405,2470,69838,-0.006036217303822977
2018-06-25,2470,2480,2430,2475,11532,0.002024291497975783
2018-06-26,2475,2475,2430,2450,23305,-0.010101010101010055
2018-06-27,2450,2490,2425,2490,31900,0.01632653061224487
2018-06-28,2490,2490,2430,2480,28809,-0.004016064257028162
2018-06-29,2500,2500,2380,2420,23197,-0.024193548387096753
2018-07-02,2385,2410,2270,2270,65883,-0.06198347107438018
2018-07-03,2270,2310,2215,2300,40486,0.013215859030837107
2018-07-04,2245,2345,2245,2330,12825,0.01304347826086949
2018-07-05,2325,2330,2245,2260,17865,-0.030042918454935674
2018-07-06,2260,2305,2235,2300,25153,0.017699115044247815
2018-07-09,2290,2290,2240,2245,14751,-0.023913043478260843
2018-07-10,2250,2350,2250,2325,24604,0.03563474387527843
2018-07-11,2325,2360,2265,2295,14335,-0.012903225806451646
2018-07-12,2295,2345,2270,2300,10635,0.002178649237472685
2018-07-13,2300,2315,2275,2305,20884,0.0021739130434783593
2018-07-16,2350,2940,2350,2750,4364373,0.1930585683297179
2018-07-17,2780,2835,2650,2670,1074874,-0.029090909090909056
2018-07-18,2655,2750,2570,2750,1002360,0.029962546816479474
2018-07-19,2720,2770,2490,2525,741996,-0.08181818181818179
2018-07-20,2525,2585,2475,2515,273748,-0.003960396039603964
2018-07-23,2505,2580,2355,2450,193253,-0.025844930417495027
2018-07-24,2450,2510,2410,2460,132965,0.004081632653061273
2018-07-25,2460,2495,2355,2400,123862,-0.024390243902439046
2018-07-26,2390,2475,2390,2455,107590,0.022916666666666696
2018-07-27,2460,2490,2410,2440,90948,-0.006109979633401208
2018-07-30,2445,2470,2415,2440,105015,0.0
2018-07-31,2430,2515,2430,2510,101631,0.028688524590164022
2018-08-01,2485,2520,2470,2490,72497,-0.007968127490039834
2018-08-02,2490,2510,2455,2490,84767,0.0
2018-08-03,2510,2600,2465,2580,279504,0.03614457831325302
2018-08-06,2555,2590,2545,2570,118388,-0.003875968992248069
2018-08-07,2570,2615,2545,2565,92171,-0.0019455252918287869
2018-08-08,2545,2635,2530,2565,111969,0.0
2018-08-09,2565,2585,2535,2555,59270,-0.003898635477582846
2018-08-10,2555,2615,2500,2535,59310,-0.007827788649706457
2018-08-13,2535,2535,2370,2430,133469,-0.041420118343195256
2018-08-14,2430,2455,2405,2425,42007,-0.002057613168724326
2018-08-16,2405,2420,2325,2335,98958,-0.03711340206185565
2018-08-17,2345,2370,2335,2345,86267,0.004282655246252709
2018-08-20,2345,2415,2330,2355,52560,0.004264392324093924
2018-08-21,2355,2590,2355,2415,152320,0.02547770700636942
2018-08-22,2415,2460,2400,2415,64595,0.0
2018-08-23,2420,2440,2395,2405,43180,-0.0041407867494823725
2018-08-24,2400,2450,2380,2400,57588,-0.0020790020790020236
2018-08-27,2440,2440,2365,2375,41573,-0.01041666666666663
2018-08-28,2375,2435,2350,2375,98529,0.0
2018-08-29,2395,2410,2370,2390,41834,0.006315789473684275
2018-08-30,2410,2425,2390,2400,54278,0.004184100418409997
2018-08-31,2380,2435,2380,2405,58055,0.002083333333333437
2018-09-03,2405,2790,2405,2625,7731252,0.09147609147609148
2018-09-04,2640,2680,2560,2600,891085,-0.00952380952380949
2018-09-05,2600,2625,2550,2560,364285,-0.01538461538461533
2018-09-06,2600,2645,2560,2560,521681,0.0
2018-09-07,2565,2605,2510,2555,209302,-0.001953125
2018-09-10,2530,2570,2510,2530,119982,-0.009784735812133127
2018-09-11,2565,2610,2525,2595,213570,0.025691699604743157
2018-09-12,2580,2620,2560,2600,187267,0.0019267822736031004
2018-09-13,2600,2605,2570,2590,122763,-0.0038461538461538325
2018-09-14,2615,2620,2550,2555,122188,-0.013513513513513487
2018-09-17,2590,2590,2495,2520,83798,-0.013698630136986356
2018-09-18,2485,2540,2485,2495,72310,-0.009920634920634885
2018-09-19,2500,2550,2475,2525,85929,0.012024048096192397
2018-09-20,2510,2545,2445,2460,135149,-0.025742574257425765
2018-09-21,2470,2545,2450,2475,61677,0.0060975609756097615
2018-09-27,2455,2515,2450,2515,100228,0.016161616161616266
2018-09-28,2515,2575,2480,2560,171607,0.017892644135188762
2018-10-01,2565,2570,2525,2525,80700,-0.013671875
2018-10-02,2525,2545,2490,2495,75625,-0.011881188118811892
2018-10-04,2490,2510,2430,2430,75640,-0.02605210420841686
2018-10-05,2415,2470,2370,2390,117047,-0.016460905349794275
2018-10-08,2365,2415,2330,2365,54783,-0.010460251046025104
2018-10-10,2465,2465,2265,2275,121179,-0.038054968287526414
2018-10-11,2140,2260,2100,2100,156764,-0.07692307692307687
2018-10-12,2020,2140,2015,2120,80218,0.00952380952380949
2018-10-15,2120,2135,2080,2100,39866,-0.009433962264150941
2018-10-16,2120,2130,2095,2115,40646,0.0071428571428571175
2018-10-17,2120,2160,2100,2145,27238,0.014184397163120588
2018-10-18,2145,2160,2120,2140,13683,-0.002331002331002363
2018-10-19,2140,2140,2065,2130,30888,-0.004672897196261627
2018-10-22,2125,2155,2100,2125,13102,-0.0023474178403756207
2018-10-23,2130,2135,2075,2075,32300,-0.02352941176470591
2018-10-24,2065,2110,2045,2045,70481,-0.014457831325301207
2018-10-25,2005,2020,1935,1965,98387,-0.03911980440097795
2018-10-26,1965,2000,1870,1870,101821,-0.04834605597964381
2018-10-29,1840,1920,1650,1650,118845,-0.11764705882352944
2018-10-30,1560,1695,1505,1685,192655,0.021212121212121238
2018-10-31,1690,1760,1690,1750,62631,0.03857566765578646
2018-11-01,1755,1820,1755,1770,44012,0.011428571428571344
2018-11-02,1765,1855,1765,1850,58109,0.04519774011299438
2018-11-05,1850,1870,1800,1865,49050,0.008108108108108025
2018-11-06,1865,1880,1845,1865,24213,0.0
2018-11-07,1900,1940,1845,1885,67804,0.01072386058981234
2018-11-08,1915,1930,1865,1915,30695,0.01591511936339529
2018-11-09,1915,1930,1860,1930,51095,0.007832898172323688
2018-11-12,1915,1965,1885,1885,56556,-0.023316062176165775
2018-11-13,1865,1865,1750,1850,45183,-0.018567639257294433
2018-11-14,1830,1900,1830,1855,27993,0.002702702702702675
2018-11-15,1895,1895,1810,1835,37217,-0.010781671159029615
2018-11-16,1845,1855,1820,1855,39611,0.01089918256130784
2018-11-19,1840,1880,1835,1870,20478,0.008086253369272267
2018-11-20,1850,1900,1850,1870,32859,0.0
2018-11-21,1865,1870,1820,1865,24449,-0.002673796791443861
2018-11-22,1870,1890,1840,1870,36841,0.002680965147453085
2018-11-23,1870,1920,1835,1865,24241,-0.002673796791443861
2018-11-26,1845,1900,1845,1855,28210,-0.00536193029490617
2018-11-27,1870,1885,1855,1870,18989,0.008086253369272267
2018-11-28,1885,1900,1845,1870,38196,0.0
2018-11-29,1875,1955,1865,1955,115925,0.045454545454545414
2018-11-30,2100,2260,1940,1945,1171941,-0.005115089514066473
2018-12-03,1980,2010,1940,1950,89617,0.0025706940874035134
2018-12-04,1950,1980,1900,1970,74160,0.01025641025641022
2018-12-05,1950,2000,1920,1975,66468,0.002538071065989911
2018-12-06,1955,1990,1900,1960,68898,-0.0075949367088608
2018-12-07,1960,1960,1915,1920,66645,-0.020408163265306145
2018-12-10,1920,1920,1800,1860,105578,-0.03125
2018-12-11,1845,1900,1820,1855,32929,-0.0026881720430107503
2018-12-12,1855,1900,1840,1880,38428,0.013477088948786964
2018-12-13,1900,1915,1855,1890,23088,0.005319148936170137
2018-12-14,1890,1920,1860,1895,32583,0.002645502645502562
2018-12-17,1910,1910,1870,1910,28908,0.0079155672823219
2018-12-18,1910,1965,1890,1965,46277,0.028795811518324665
2018-12-19,1970,2125,1930,2075,722643,0.05597964376590325
2018-12-20,2075,2080,2045,2075,143821,0.0
2018-12-21,2070,2075,1995,2010,93682,-0.031325301204819245
2018-12-24,2050,2050,1980,1995,60799,-0.007462686567164201
2018-12-26,1960,1990,1900,1970,89748,-0.01253132832080206
2018-12-27,1990,2000,1935,1945,28614,-0.012690355329949221
2018-12-28,1985,1985,1935,1970,29647,0.01285347043701801
2019-01-02,1985,2400,1985,2095,1914748,0.06345177664974622
2019-01-03,2105,2165,2060,2090,458922,-0.0023866348448687846
2019-01-04,2045,2100,2015,2045,201412,-0.021531100478468845
2019-01-07,2075,2125,2055,2065,239256,0.009779951100244544
2019-01-08,2090,2610,2090,2350,7730245,0.13801452784503643
2019-01-09,2320,2430,2295,2390,1402125,0.017021276595744705
2019-01-10,2370,2400,2305,2320,385861,-0.029288702928870314
2019-01-11,2320,2580,2225,2225,1777273,-0.04094827586206895
2019-01-14,2250,2395,2240,2300,542989,0.03370786516853941
2019-01-15,2305,2350,2165,2270,297902,-0.013043478260869601
2019-01-16,2265,2320,2235,2280,219250,0.004405286343612369
2019-01-17,2300,2440,2280,2345,914633,0.028508771929824483
2019-01-18,2350,2435,2335,2420,670960,0.031982942430703654
2019-01-21,2530,2710,2410,2420,974520,0.0
2019-01-22,2420,2490,2360,2470,333456,0.02066115702479343
2019-01-23,2515,2560,2420,2470,279693,0.0
2019-01-24,2470,2470,2420,2440,139901,-0.012145748987854255
2019-01-25,2450,2455,2410,2445,114136,0.002049180327868827
2019-01-28,2445,2455,2425,2445,231153,0.0
2019-01-29,2445,2590,2405,2435,561027,-0.004089979550102263
2019-01-30,2440,2440,2340,2380,202831,-0.022587268993839782
2019-01-31,2405,2410,2345,2345,74141,-0.014705882352941124
2019-02-01,2345,2385,2300,2305,108933,-0.017057569296375252
2019-02-07,2305,2395,2295,2395,85932,0.0390455531453362
2019-02-08,2400,2435,2360,2420,157189,0.010438413361169019
2019-02-11,2425,2470,2380,2440,215525,0.008264462809917328
2019-02-12,2440,2465,2395,2435,128901,-0.002049180327868827
2019-02-13,2435,2450,2420,2430,67533,-0.002053388090349051
2019-02-14,2425,2465,2400,2450,114956,0.008230452674897082
2019-02-15,2450,2495,2400,2400,133817,-0.020408163265306145
2019-02-18,2400,2425,2380,2420,59046,0.008333333333333304
2019-02-19,2420,2445,2365,2415,116144,-0.0020661157024793875
2019-02-20,2415,2450,2395,2420,142939,0.0020703933747412417
2019-02-21,2410,2690,2375,2390,1953042,-0.012396694214875992
2019-02-22,2400,2415,2305,2355,263530,-0.014644351464435101
2019-02-25,2355,2380,2315,2345,82741,-0.00424628450106157
2019-02-26,2350,2415,2335,2345,92866,0.0
2019-02-27,2345,2380,2340,2360,42191,0.006396588486140775
2019-02-28,2360,2375,2210,2225,116669,-0.05720338983050843
2019-03-04,2290,2320,2225,2275,77842,0.022471910112359605
2019-03-05,2330,2330,2250,2280,27234,0.00219780219780219
2019-03-06,2310,2310,2250,2280,28971,0.0
2019-03-07,2315,2315,2225,2255,60299,-0.010964912280701733
2019-03-08,2255,2265,2230,2255,15725,0.0
2019-03-11,2235,2260,2110,2240,52327,-0.006651884700665134
2019-03-12,2230,2270,2210,2270,38692,0.013392857142857206
2019-03-13,2270,2275,2190,2245,26399,-0.011013215859030812
2019-03-14,2245,2280,2220,2240,25003,-0.00222717149220486
2019-03-15,2270,2275,2200,2240,68670,0.0
2019-03-18,2240,2295,2225,2275,45660,0.015625
2019-03-19,2280,2315,2250,2315,36075,0.01758241758241752
2019-03-20,2330,2330,2265,2300,35706,-0.006479481641468721
2019-03-21,2300,2310,2265,2275,28495,-0.010869565217391353
2019-03-22,2280,2310,2215,2230,51453,-0.01978021978021982
2019-03-25,2220,2420,2170,2280,269504,0.022421524663677195
2019-03-26,2400,2875,2340,2435,7764024,0.06798245614035081
2019-03-27,2465,2525,2375,2495,1290786,0.024640657084188833
2019-03-28,2460,2565,2420,2420,839844,-0.030060120240480992
2019-03-29,2400,2550,2315,2350,361925,-0.02892561983471076
2019-04-01,2395,2435,2350,2390,290641,0.017021276595744705
2019-04-02,2400,2450,2370,2450,306310,0.025104602510460206
2019-04-03,2470,2725,2425,2580,4453574,0.05306122448979589
2019-04-04,2540,2585,2500,2535,527437,-0.01744186046511631
2019-04-05,2535,2600,2505,2515,516089,-0.007889546351084853
2019-04-08,2520,2870,2520,2685,7049021,0.06759443339960236
2019-04-09,2660,2835,2560,2760,1400292,0.027932960893854775
2019-04-10,2720,2725,2655,2655,472005,-0.03804347826086951
2019-04-11,2640,2680,2580,2645,317184,-0.0037664783427495685
2019-04-12,2650,2760,2585,2620,391004,-0.009451795841209809
2019-04-15,2660,2680,2615,2615,219471,-0.001908396946564861
2019-04-16,2695,3085,2690,2855,8092774,0.09177820267686432
2019-04-17,2855,2940,2730,2730,1051621,-0.04378283712784592
2019-04-18,2775,3240,2450,2475,6496813,-0.09340659340659341
2019-04-19,2450,2475,2380,2395,722309,-0.03232323232323231
2019-04-22,2450,2455,2385,2390,385433,-0.0020876826722338038
2019-04-23,2390,2455,2390,2445,256830,0.023012552301255207
2019-04-24,2450,2580,2425,2515,656209,0.02862985685071573
2019-04-25,2515,2515,2415,2415,237226,-0.03976143141153077
2019-04-26,2435,2605,2420,2515,988474,0.04140786749482395
2019-04-29,2490,2695,2475,2630,1126889,0.045725646123260466
2019-04-30,2590,2705,2560,2705,525358,0.028517110266159662
2019-05-02,2710,2775,2665,2680,409932,-0.009242144177449174
2019-05-03,2650,2710,2650,2690,214065,0.003731343283582156
2019-05-07,2625,2660,2570,2600,184621,-0.03345724907063197
2019-05-08,2565,2790,2545,2705,501258,0.04038461538461546
2019-05-09,2705,2735,2585,2620,326627,-0.031423290203327126
2019-05-10,2605,2675,2560,2615,257054,-0.001908396946564861
2019-05-13,2630,2800,2425,2465,430404,-0.0573613766730402
2019-05-14,2515,2570,2440,2500,211381,0.014198782961460488
2019-05-15,2485,2580,2485,2570,110877,0.028000000000000025
2019-05-16,2570,2630,2540,2565,164361,-0.0019455252918287869
2019-05-17,2580,2695,2560,2560,162459,-0.0019493177387914784
2019-05-20,2545,2650,2525,2600,145342,0.015625
2019-05-21,2585,2615,2520,2575,129445,-0.009615384615384581
2019-05-22,2575,2655,2570,2640,127417,0.025242718446601975
2019-05-23,2650,2655,2575,2640,416477,0.0
2019-05-24,2700,2770,2475,2475,609577,-0.0625
2019-05-27,2440,2505,2430,2440,127591,-0.014141414141414121
2019-05-28,2435,2520,2435,2490,91167,0.020491803278688492
2019-05-29,2490,2520,2450,2520,94015,0.012048192771084265
2019-05-30,2520,2545,2480,2480,71313,-0.015873015873015928
2019-05-31,2475,2585,2470,2565,178159,0.03427419354838701
2019-06-03,2560,2565,2515,2550,69083,-0.005847953216374324
2019-06-04,2530,2570,2530,2555,55665,0.0019607843137254832
2019-06-05,2555,2600,2555,2575,52132,0.007827788649706457
2019-06-07,2595,2645,2570,2645,138894,0.027184466019417375
2019-06-10,2675,2680,2625,2680,97046,0.013232514177693666
2019-06-11,2680,2705,2645,2695,104960,0.005597014925373234
2019-06-12,2670,2700,2655,2680,62305,-0.005565862708719838
2019-06-13,2675,2790,2675,2780,362921,0.03731343283582089
2019-06-14,2790,2790,2705,2735,118010,-0.01618705035971224
2019-06-17,2715,2740,2680,2695,78297,-0.014625228519195566
2019-06-18,2680,2775,2675,2765,231799,0.025974025974025983
2019-06-19,2770,2820,2735,2750,138617,-0.005424954792043413
2019-06-20,2775,2815,2750,2755,96688,0.0018181818181817189
2019-06-21,2760,2850,2730,2790,134514,0.012704174228675091
2019-06-24,2790,2815,2700,2745,123115,-0.016129032258064502
2019-06-25,2745,2765,2665,2695,101429,-0.01821493624772308
2019-06-26,2695,2710,2625,2670,67127,-0.00927643784786647
2019-06-27,2675,2705,2660,2665,96842,-0.0018726591760299671
2019-06-28,2665,2695,2585,2610,67937,-0.0206378986866792
2019-07-01,2620,2625,2555,2595,52318,-0.005747126436781658
2019-07-02,2595,2620,2510,2615,44770,0.007707129094412402
2019-07-03,2615,2615,2570,2595,57527,-0.007648183556405397
2019-07-04,2585,2610,2555,2595,45159,0.0
2019-07-05,2590,2600,2550,2560,52536,-0.013487475915221592
2019-07-08,2550,2555,2465,2475,104652,-0.033203125
2019-07-09,2420,2490,2365,2370,89899,-0.042424242424242475
2019-07-10,2395,2430,2385,2415,32377,0.018987341772152
2019-07-11,2435,2480,2430,2480,52955,0.0269151138716357
2019-07-12,2545,2545,2470,2480,33524,0.0
2019-07-15,2480,2600,2450,2475,32533,-0.0020161290322581182
2019-07-16,2475,2475,2435,2455,42434,-0.008080808080808133
2019-07-17,2420,2430,2360,2400,42879,-0.022403258655804503
2019-07-18,2355,2405,2310,2400,49517,0.0
2019-07-19,2400,2420,2390,2420,18595,0.008333333333333304
2019-07-22,2410,2415,2350,2380,56999,-0.016528925619834656
2019-07-23,2370,2420,2350,2380,47499,0.0
2019-07-24,2350,2375,2305,2310,55740,-0.02941176470588236
2019-07-25,2280,2315,2200,2245,95409,-0.02813852813852813
2019-07-26,2215,2300,2200,2235,69987,-0.0044543429844098315
2019-07-29,2245,2280,2050,2110,121950,-0.055928411633109576
2019-07-30,2090,2180,2090,2145,72871,0.016587677725118377
2019-07-31,2135,2255,2125,2180,39766,0.01631701631701632
2019-08-01,2130,2195,2130,2155,36291,-0.011467889908256867
2019-08-02,2130,2160,2090,2160,16901,0.002320185614849146
2019-08-05,2160,2160,1900,1900,186172,-0.12037037037037035
2019-08-06,1850,2005,1700,1870,162968,-0.015789473684210575
2019-08-07,1820,1955,1820,1950,75717,0.04278074866310155
2019-08-08,1990,2040,1955,2010,52516,0.03076923076923066
2019-08-09,2010,2030,1970,1990,63593,-0.00995024875621886
2019-08-12,1980,2035,1965,2025,71517,0.017587939698492372
2019-08-13,2000,2040,2000,2030,39790,0.0024691358024691024
2019-08-14,2060,2060,2010,2060,72416,0.014778325123152802
2019-08-16,2030,2035,2000,2025,35311,-0.016990291262135915
2019-08-19,2025,2065,2020,2055,29545,0.014814814814814836
2019-08-20,2060,2200,2045,2100,68920,0.021897810218978186
2019-08-21,2100,2160,2080,2125,41001,0.011904761904761862
2019-08-22,2145,2145,2090,2115,29316,-0.004705882352941226
2019-08-23,2110,2110,2040,2080,33857,-0.01654846335697402
2019-08-26,2010,2045,1990,1995,45452,-0.04086538461538458
2019-08-27,2005,2050,1995,2000,27778,0.0025062656641603454
2019-08-28,2025,2035,1995,2035,19017,0.01750000000000007
2019-08-29,2050,2050,2005,2005,23228,-0.014742014742014753
2019-08-30,2025,2040,2010,2020,35027,0.007481296758104827
2019-09-02,2020,2050,2015,2035,19478,0.007425742574257432
2019-09-03,2050,2080,2025,2040,31707,0.002457002457002533
2019-09-04,2040,2395,2040,2250,2949057,0.10294117647058831
2019-09-05,2240,2315,2205,2205,409455,-0.020000000000000018
2019-09-06,2225,2300,2205,2215,320844,0.0045351473922903285
2019-09-09,2235,2235,2180,2210,102944,-0.0022573363431150906
2019-09-10,2210,2240,2195,2220,57510,0.004524886877828038
2019-09-11,2230,2240,2205,2215,48383,-0.0022522522522522292
2019-09-16,2215,2270,2205,2250,72067,0.015801354401805856
2019-09-17,2250,2320,2235,2320,141273,0.03111111111111109
2019-09-18,2295,2335,2290,2300,99382,-0.008620689655172376
2019-09-19,2320,2320,2275,2305,102559,0.0021739130434783593
2019-09-20,2305,2325,2295,2315,48285,0.00433839479392617
2019-09-23,2315,2320,2300,2300,24471,-0.006479481641468721
2019-09-24,2315,2315,2275,2300,36815,0.0
2019-09-25,2295,2315,2225,2245,56397,-0.023913043478260843
2019-09-26,2250,2290,2220,2220,51784,-0.011135857461024523
2019-09-27,2210,2245,2200,2225,42565,0.0022522522522523403
2019-09-30,2225,2235,2125,2210,53754,-0.006741573033707815
2019-10-01,2200,2230,2175,2230,51598,0.009049773755656076
2019-10-02,2230,2235,2175,2220,46796,-0.004484304932735439
2019-10-04,2220,2220,2165,2180,37945,-0.018018018018018056
2019-10-07,2180,2190,2115,2130,66600,-0.022935779816513735
2019-10-08,2145,2170,2115,2150,30617,0.009389671361502261
2019-10-10,2140,2175,2140,2150,55407,0.0
2019-10-11,2150,2180,2145,2160,20961,0.0046511627906977715
2019-10-14,2180,2195,2160,2190,48918,0.01388888888888884
2019-10-15,2180,2230,2180,2220,41436,0.013698630136986356
2019-10-16,2225,2250,2200,2230,19408,0.0045045045045044585
2019-10-17,2230,2245,2215,2240,34230,0.004484304932735439
2019-10-18,2240,2320,2225,2250,175873,0.0044642857142858094
2019-10-21,2280,2280,2215,2230,35875,-0.008888888888888835
2019-10-22,2230,2240,2210,2210,28409,-0.008968609865470878
2019-10-23,2210,2215,2155,2185,54140,-0.011312217194570096
2019-10-24,2170,2185,2150,2160,17095,-0.011441647597253968
2019-10-25,2150,2180,2135,2155,31647,-0.0023148148148147696
2019-10-28,2155,2275,2155,2225,115950,0.03248259860788871
2019-10-29,2265,2265,2190,2225,27194,0.0
2019-10-30,2250,2320,2205,2295,151178,0.03146067415730336
2019-10-31,2270,2310,2255,2295,61598,0.0
2019-11-01,2290,2330,2210,2270,98326,-0.01089324618736387
2019-11-04,2280,2280,2220,2270,48575,0.0
2019-11-05,2255,2300,2240,2260,40355,-0.004405286343612369
2019-11-06,2265,2290,2250,2275,26299,0.006637168141592875
2019-11-07,2230,2270,2230,2260,46014,-0.00659340659340657
2019-11-08,2260,2285,2255,2285,21141,0.01106194690265494
2019-11-11,2290,2350,2260,2350,556948,0.02844638949671774
2019-11-12,2515,2800,2375,2430,3905280,0.03404255319148941
2019-11-13,2400,2440,2370,2390,284733,-0.016460905349794275
2019-11-14,2365,2410,2360,2380,137969,-0.004184100418409997
2019-11-15,2350,2385,2340,2340,151590,-0.01680672268907568
2019-11-18,2360,2370,2320,2360,100372,0.008547008547008517
2019-11-19,2370,2380,2315,2360,68749,0.0
2019-11-20,2360,2380,2305,2340,69579,-0.008474576271186418
2019-11-21,2355,2355,2240,2290,118907,-0.021367521367521403
2019-11-22,2290,2295,2255,2280,34336,-0.004366812227074246
2019-11-25,2280,2340,2280,2340,31571,0.026315789473684292
2019-11-26,2325,2375,2310,2370,56460,0.012820512820512775
2019-11-27,2365,2400,2350,2375,61399,0.0021097046413502962
2019-11-28,2400,2400,2330,2375,66316,0.0
2019-11-29,2365,2375,2325,2360,42653,-0.0063157894736841635
2019-12-02,2360,2380,2335,2360,38805,0.0
2019-12-03,2340,2360,2315,2355,23967,-0.0021186440677966045
2019-12-04,2345,2355,2310,2325,24754,-0.01273885350318471
2019-12-05,2325,2350,2290,2335,64285,0.004301075268817289
2019-12-06,2330,2345,2320,2335,42514,0.0
2019-12-09,2345,2355,2310,2335,22030,0.0
2019-12-10,2320,2355,2320,2345,48955,0.004282655246252709
2019-12-11,2335,2355,2315,2355,44858,0.004264392324093924
2019-12-12,2345,2375,2325,2350,39016,-0.002123142250530785
2019-12-13,2365,2365,2205,2345,66009,-0.0021276595744680327
2019-12-16,2345,2370,2330,2350,39280,0.002132196162046851
2019-12-17,2335,2365,2335,2335,62120,-0.006382978723404209
2019-12-18,2345,2360,2340,2355,37591,0.008565310492505418
2019-12-19,2355,2440,2355,2415,242997,0.02547770700636942
2019-12-20,2450,2450,2405,2415,83641,0.0
2019-12-23,2425,2445,2380,2440,90972,0.010351966873705987
2019-12-24,2430,2440,2395,2420,53162,-0.008196721311475419
2019-12-26,2410,2465,2400,2465,126632,0.018595041322314154
2019-12-27,2410,2440,2375,2395,67497,-0.028397565922920864
2019-12-30,2395,2400,2375,2390,21427,-0.0020876826722338038
2020-01-02,2420,2420,2360,2370,38791,-0.008368200836820106
2020-01-03,2375,2390,2345,2375,42985,0.0021097046413502962
2020-01-06,2375,2390,2305,2310,56381,-0.027368421052631597
2020-01-07,2310,2335,2285,2310,38197,0.0
2020-01-08,2310,2310,2180,2290,176422,-0.008658008658008698
2020-01-09,2290,2310,2255,2290,100957,0.0
2020-01-10,2290,2305,2270,2300,17622,0.004366812227074135
2020-01-13,2280,2320,2280,2320,54455,0.008695652173912993
2020-01-14,2305,2335,2295,2305,61604,-0.006465517241379337
2020-01-15,2360,2360,2305,2325,20390,0.008676789587852562
2020-01-16,2315,2340,2305,2325,44472,0.0
2020-01-17,2355,2700,2355,2435,7011190,0.047311827956989294
2020-01-20,2430,2440,2370,2400,479184,-0.014373716632443578
2020-01-21,2485,2675,2345,2345,4691802,-0.022916666666666696
2020-01-22,2365,2440,2335,2425,384273,0.034115138592750505
2020-01-23,2400,2440,2350,2375,287434,-0.020618556701030966
2020-01-28,2340,2395,2295,2340,355634,-0.01473684210526316
2020-01-29,2325,2355,2305,2355,153331,0.0064102564102563875
2020-01-30,2355,2390,2275,2295,194345,-0.02547770700636942
2020-01-31,2295,2340,2205,2225,154439,-0.030501089324618702
2020-02-03,2195,2195,2070,2145,124660,-0.035955056179775235
2020-02-04,2160,2210,2150,2180,65092,0.01631701631701632
2020-02-05,2185,2235,2180,2230,103847,0.022935779816513735
2020-02-06,2245,2280,2225,2280,67678,0.022421524663677195
2020-02-07,2280,2300,2225,2265,51686,-0.006578947368421018
2020-02-10,2265,2300,2235,2280,42371,0.0066225165562914245
2020-02-11,2280,2320,2270,2320,103453,0.01754385964912286
2020-02-12,2320,2335,2295,2310,114982,-0.004310344827586188
2020-02-13,2310,2315,2255,2290,39704,-0.008658008658008698
2020-02-14,2290,2300,2260,2300,50667,0.004366812227074135
2020-02-17,2315,2320,2270,2295,68439,-0.0021739130434782483
2020-02-18,2295,2305,2235,2275,68799,-0.008714596949891074
2020-02-19,2270,2300,2230,2285,55460,0.00439560439560438
2020-02-20,2235,2290,2235,2290,72443,0.002188183807439792
2020-02-21,2260,2285,2210,2235,54585,-0.024017467248908297
2020-02-24,2230,2235,2160,2165,56828,-0.031319910514541416
2020-02-25,2045,2180,2045,2160,62152,-0.002309468822170868
2020-02-26,2160,2160,2100,2140,38583,-0.0092592592592593
2020-02-27,2140,2140,2070,2110,65409,-0.014018691588784993
2020-02-28,2110,2110,1945,1980,274292,-0.06161137440758291
2020-03-02,1950,2015,1940,2015,80380,0.017676767676767735
2020-03-03,2035,2065,2000,2025,70441,0.00496277915632759
2020-03-04,2025,2055,2000,2040,129706,0.007407407407407307
2020-03-05,2040,2075,2020,2065,113797,0.01225490196078427
2020-03-06,2065,2120,2005,2020,145847,-0.021791767554479424
2020-03-09,2020,2065,1900,1930,101340,-0.044554455445544594
2020-03-10,1880,1900,1810,1850,149455,-0.041450777202072575
2020-03-11,1850,1860,1780,1785,89745,-0.03513513513513511
2020-03-12,1770,1780,1650,1650,120312,-0.07563025210084029
2020-03-13,1505,1585,1300,1400,237449,-0.1515151515151515
2020-03-16,1370,1440,1340,1375,264054,-0.017857142857142905
2020-03-17,1220,1370,1220,1350,105225,-0.018181818181818188
2020-03-18,1350,1385,1255,1275,93227,-0.05555555555555558
2020-03-19,1270,1300,1000,1080,176213,-0.15294117647058825
2020-03-20,1060,1165,1060,1135,98438,0.05092592592592582
2020-03-23,1065,1095,1000,1025,166812,-0.09691629955947134
2020-03-24,1040,1095,1035,1080,161894,0.0536585365853659
2020-03-25,1160,1210,1125,1210,106002,0.12037037037037046
2020-03-26,1220,1315,1200,1295,122296,0.07024793388429762
2020-03-27,1320,1355,1265,1300,143215,0.0038610038610038533
2020-03-30,1290,1345,1230,1345,71370,0.034615384615384714
2020-03-31,1355,1440,1345,1390,100600,0.03345724907063197
2020-04-01,1400,1440,1380,1380,207295,-0.007194244604316502
2020-04-02,1380,1405,1350,1395,125779,0.010869565217391353
2020-04-03,1400,1435,1380,1400,115757,0.0035842293906809264
2020-04-06,1410,1480,1410,1475,123066,0.0535714285714286
2020-04-07,1500,1915,1500,1915,2941487,0.29830508474576267
2020-04-08,2060,2250,1955,1995,4198036,0.04177545691906004
2020-04-09,1970,2035,1960,2000,645933,0.0025062656641603454
2020-04-10,1970,2100,1865,1985,1698210,-0.007499999999999951
2020-04-13,1985,2000,1850,1870,303660,-0.057934508816120944
2020-04-14,1870,1955,1820,1910,422578,0.021390374331550888
2020-04-16,1930,2085,1895,2040,565404,0.0680628272251309
2020-04-17,2055,2080,1980,2030,564813,-0.004901960784313708
2020-04-20,2050,2180,2010,2020,679671,-0.0049261083743842304
2020-04-21,2020,2040,1815,1970,368203,-0.024752475247524774
2020-04-22,1915,2105,1880,1990,435054,0.010152284263959421
2020-04-23,2080,2425,2060,2230,5287546,0.12060301507537696
2020-04-24,2200,2205,2090,2100,940303,-0.058295964125560484
2020-04-27,2115,2155,2065,2150,518426,0.023809523809523725
2020-04-28,2165,2175,2080,2105,263693,-0.020930232558139528
2020-04-29,2100,2120,2040,2040,244515,-0.030878859857482177
2020-05-04,2030,2105,2020,2075,200298,0.017156862745097978
2020-05-06,2170,2300,2135,2195,1338551,0.05783132530120483
2020-05-07,2220,2520,2210,2260,3461816,0.029612756264236983
2020-05-08,2260,2295,2235,2295,392148,0.015486725663716783
2020-05-11,2295,2445,2245,2395,1188630,0.04357298474945526
2020-05-12,2395,2495,2340,2415,718212,0.008350730688935215
2020-05-13,2400,2400,2330,2330,289327,-0.035196687370600444
2020-05-14,2310,2430,2250,2310,621864,-0.008583690987124415
2020-05-15,2315,2330,2260,2310,138584,0.0
2020-05-18,2285,2500,2280,2320,1833844,0.0043290043290042934
2020-05-19,2475,3015,2465,3015,10496864,0.2995689655172413
2020-05-20,3400,3450,2960,3160,13617395,0.04809286898839127
2020-05-21,3175,3220,3025,3095,2669954,-0.020569620253164556
2020-05-22,3075,3905,3015,3335,32750209,0.07754442649434568
2020-05-25,3300,3405,3285,3405,1221761,0.020989505247376306
2020-05-26,3505,3540,3460,3540,964129,0.0396475770925111
2020-05-27,3540,3565,3510,3510,663913,-0.008474576271186418
2020-05-28,3545,3615,3195,3260,2070739,-0.07122507122507127
2020-05-29,3200,3250,3065,3170,631835,-0.027607361963190136
2020-06-01,3205,3275,3075,3165,953608,-0.001577287066246047
2020-06-02,3200,3685,3110,3350,5766638,0.05845181674565558
2020-06-03,3285,3330,3095,3105,905745,-0.07313432835820899
2020-06-04,3125,3150,3045,3100,485785,-0.0016103059581320522
2020-06-05,3090,3150,3050,3100,401206,0.0
2020-06-08,3125,3145,3060,3120,251301,0.006451612903225712
2020-06-09,3120,3990,3015,3670,21381973,0.17628205128205132
2020-06-10,3845,4260,3675,3730,15247812,0.016348773841961872
2020-06-11,3650,3675,3495,3575,1764322,-0.041554959785522816
2020-06-12,3475,4595,3385,4315,44498312,0.20699300699300704
2020-06-15,4175,4455,3500,3665,9427022,-0.15063731170336037
2020-06-16,3850,3940,3690,3825,2024512,0.043656207366985056
2020-06-17,3725,3820,3510,3640,1390801,-0.048366013071895475
2020-06-18,3575,4105,3520,3675,8058061,0.009615384615384581
2020-06-19,3690,4245,3640,3920,9505387,0.06666666666666665
2020-06-22,3850,3970,3725,3740,1199479,-0.04591836734693877
2020-06-23,3780,4155,3725,3900,5281028,0.04278074866310155
2020-06-24,3860,4335,3860,3930,4872373,0.007692307692307665
2020-06-25,3900,4050,3850,4045,1569236,0.029262086513994978
2020-06-26,4100,4110,3910,3920,896984,-0.030902348578491945
2020-06-29,3875,3960,3735,3825,706474,-0.02423469387755106
2020-06-30,3865,3975,3760,3760,964570,-0.016993464052287632
2020-07-01,3780,3915,3650,3670,765479,-0.02393617021276595
2020-07-02,3655,3785,3615,3750,432046,0.021798365122615904
2020-07-03,3900,3900,3715,3720,543700,-0.008000000000000007
2020-07-06,3725,3795,3700,3740,282960,0.005376344086021501
2020-07-07,3750,3755,3660,3670,264168,-0.018716577540106916
2020-07-08,3700,3975,3660,3665,4057223,-0.0013623978201634523
2020-07-09,3675,3700,3610,3685,475481,0.005457025920873049
2020-07-10,3690,3745,3570,3610,411199,-0.020352781546811416
2020-07-13,3645,4230,3620,3840,8102023,0.06371191135734078
2020-07-14,3790,3800,3720,3760,952866,-0.02083333333333337
2020-07-15,3760,3945,3740,3840,2055926,0.02127659574468077
2020-07-16,3875,3935,3795,3850,1260633,0.0026041666666667407
2020-07-17,3980,4040,3805,3900,1556810,0.01298701298701288
2020-07-20,3935,4070,3800,4045,1892821,0.03717948717948727
2020-07-21,4040,4145,3955,4020,1296401,-0.006180469715698411
2020-07-22,4020,4095,3935,4025,982057,0.0012437810945273853
2020-07-23,4015,4055,3915,3915,638499,-0.027329192546583836
2020-07-24,3865,3945,3800,3845,406341,-0.017879948914431676
2020-07-27,3840,4155,3780,4130,2345857,0.07412223667100126
2020-07-28,4085,4110,3935,3950,869674,-0.04358353510895885
2020-07-29,3910,4015,3860,3900,405218,-0.012658227848101222
2020-07-30,3900,3980,3875,3945,307702,0.011538461538461497
2020-07-31,3945,4100,3945,3985,782113,0.010139416983523386
2020-08-03,3985,4255,3985,4050,1783869,0.016311166875784266
2020-08-04,4085,4550,4010,4280,6928100,0.05679012345679002
2020-08-05,4205,4260,4145,4165,829369,-0.026869158878504718
2020-08-06,4165,4255,4070,4080,813408,-0.020408163265306145
2020-08-07,4130,4510,4000,4100,3117745,0.004901960784313708
2020-08-10,4100,4165,4055,4120,411253,0.004878048780487809
2020-08-11,4120,4155,4055,4070,365521,-0.012135922330097082
2020-08-12,4070,4080,3900,3970,442112,-0.02457002457002455
2020-08-13,3985,4030,3965,3970,201406,0.0
2020-08-14,4050,4050,3860,3875,444197,-0.023929471032745564
2020-08-18,3875,3935,3490,3495,517444,-0.09806451612903222
2020-08-19,3500,3670,3500,3650,296758,0.044349070100142995
2020-08-20,3595,3740,3255,3410,588950,-0.0657534246575342
2020-08-21,3380,3495,3305,3420,272726,0.0029325513196480912
2020-08-24,3370,3645,3310,3575,522891,0.04532163742690054
2020-08-25,3580,3650,3565,3615,242890,0.01118881118881121
2020-08-26,3625,3860,3580,3860,676787,0.06777316735822958
2020-08-27,3900,3955,3825,3885,475796,0.006476683937823857
2020-08-28,3915,4050,3865,3925,510900,0.01029601029601035
2020-08-31,4125,4675,3980,4040,8929364,0.029299363057324834
2020-09-01,4040,4195,3925,4125,1117447,0.021039603960395947
2020-09-02,4195,4240,4085,4115,775115,-0.00242424242424244
2020-09-03,4120,4350,4115,4230,773032,0.0279465370595382
2020-09-04,4000,4300,3995,4280,770002,0.011820330969267046
2020-09-07,4300,4570,4260,4555,1254832,0.06425233644859807
2020-09-08,4800,5860,4635,5650,11666556,0.2403951701427003
2020-09-09,5560,6210,5330,5540,4780784,-0.019469026548672552
2020-09-10,5540,5850,5500,5750,1697474,0.03790613718411562
2020-09-11,5720,6570,5650,5770,4336349,0.003478260869565153
2020-09-14,5770,6880,5760,6490,3917850,0.12478336221837094
2020-09-15,6440,7080,6420,6910,2673523,0.06471494607087824
2020-09-16,7050,7500,6960,7420,1641123,0.0738060781476122
2020-09-17,7530,9020,7530,8670,6571581,0.16846361185983838
2020-09-18,8370,8500,7430,7910,1901874,-0.08765859284890432
2020-09-21,8040,8560,7950,8400,1194191,0.06194690265486735
2020-09-22,8310,8340,7800,8160,612503,-0.02857142857142858
2020-09-23,8210,8210,7460,7730,864583,-0.052696078431372584
2020-09-24,7240,7960,7100,7600,816238,-0.01681759379042691
2020-09-25,7580,8200,7580,8030,719879,0.05657894736842106
2020-09-28,8400,8400,7720,7960,460251,-0.008717310087173136
2020-09-29,8000,8260,7940,8260,391933,0.03768844221105527
2020-10-05,8360,8360,8060,8130,268194,-0.0157384987893463
2020-10-06,8140,8620,7960,8030,756219,-0.012300123001230068
2020-10-07,8210,8690,6660,6850,4744660,-0.14694894146948945
2020-10-08,6930,6940,6510,6590,1257386,-0.03795620437956204
2020-10-12,6590,7050,6310,6880,4086787,0.04400606980273136
2020-10-13,6770,7350,6680,6860,2487396,-0.0029069767441860517
2020-10-14,7080,7280,6820,6950,1913243,0.013119533527696792
2020-10-15,6960,7020,6300,6470,669330,-0.06906474820143882
2020-10-16,6520,6560,6090,6160,1485288,-0.04791344667697062
2020-10-19,6260,6300,6100,6220,459328,0.009740259740259827
2020-10-20,6090,6170,5940,6000,499196,-0.03536977491961413
2020-10-21,5930,6340,5930,5950,1102660,-0.008333333333333304
2020-10-22,5970,6290,5890,6110,1676500,0.026890756302520913
2020-10-23,6210,6380,5990,6230,1208800,0.019639934533551617
2020-10-26,6350,6880,6280,6380,2825950,0.024077046548956593
2020-10-27,6250,6600,5820,6300,2067478,-0.01253918495297801
2020-10-28,6480,6520,6200,6200,764322,-0.015873015873015928
2020-10-29,6100,6190,5960,6050,369654,-0.024193548387096753
2020-10-30,6020,6050,5510,5550,503084,-0.0826446280991735
2020-11-02,5570,5790,5500,5690,374359,0.02522522522522519
2020-11-03,5720,5980,5620,5650,383270,-0.007029876977152849
2020-11-04,5760,5860,5600,5690,242062,0.0070796460176991705
2020-11-05,5710,5830,5680,5810,253605,0.02108963093145877
2020-11-06,5900,6180,5800,5910,621709,0.01721170395869187
2020-11-09,6080,6210,5940,6200,307151,0.04906937394247035
2020-11-10,6100,6190,5840,6030,329028,-0.02741935483870972
2020-11-11,6090,6100,5840,6020,284386,-0.0016583747927031434
2020-11-12,6100,6140,5890,5910,310668,-0.01827242524916939
2020-11-13,5970,6040,5730,5750,308139,-0.027072758037225086
2020-11-16,5700,5820,5590,5640,238321,-0.019130434782608674
2020-11-17,5640,5780,5600,5730,172436,0.015957446808510634
2020-11-18,5770,5800,5650,5800,130642,0.01221640488656206
2020-11-19,5870,5870,5700,5750,180690,-0.008620689655172376
2020-11-20,5750,6020,5660,5680,858782,-0.012173913043478257
2020-11-23,5720,6010,5710,6010,407452,0.05809859154929575
2020-11-24,6010,6100,5830,5990,470496,-0.0033277870216306127
2020-11-25,6160,6250,5810,5870,856311,-0.02003338898163609
2020-11-26,5960,6050,5840,5880,178450,0.0017035775127767216
2020-11-27,5880,5920,5780,5830,116568,-0.008503401360544172
2020-11-30,5900,5900,5750,5780,139863,-0.00857632933104635
2020-12-01,5780,5840,5680,5760,130509,-0.0034602076124568004
2020-12-02,5850,6020,5760,5950,396966,0.03298611111111116
2020-12-03,5910,5910,5740,5810,255895,-0.02352941176470591
2020-12-04,5800,5830,5630,5640,253394,-0.029259896729776247
2020-12-07,5640,5800,5640,5750,131939,0.019503546099290725
2020-12-08,5750,5770,5630,5630,122460,-0.02086956521739125
2020-12-09,5600,5700,5480,5510,130847,-0.02131438721136769
2020-12-10,5500,5580,5380,5470,112124,-0.007259528130671544
2020-12-11,5420,5510,5410,5450,87534,-0.003656307129798919
2020-12-14,5460,5470,5250,5320,162015,-0.023853211009174258
2020-12-15,5300,5460,5300,5360,75192,0.007518796992481258
2020-12-16,5430,5430,5330,5390,52475,0.005597014925373234
2020-12-17,5380,6260,5360,5600,3109934,0.03896103896103886
2020-12-18,5620,5640,5440,5460,262652,-0.025000000000000022
2020-12-21,5530,5580,5380,5580,214604,0.0219780219780219
2020-12-22,5510,5510,5320,5320,162397,-0.04659498207885304
2020-12-23,5310,5380,5010,5050,239353,-0.050751879699248104
2020-12-24,5060,5200,5010,5100,84854,0.00990099009900991
2020-12-28,5090,5230,5050,5050,97265,-0.009803921568627416
2020-12-29,5050,5260,5050,5230,70483,0.035643564356435675
2020-12-30,5230,5380,5150,5280,97961,0.009560229445506607
2021-01-04,5280,5390,5220,5350,100655,0.01325757575757569
2021-01-05,5280,5400,5200,5280,80151,-0.013084112149532756
2021-01-06,5390,5590,5220,5450,267611,0.032196969696969724
2021-01-07,5460,5560,5410,5480,163946,0.005504587155963359
2021-01-08,5490,5580,5350,5400,102501,-0.014598540145985384
2021-01-11,5420,5490,5060,5130,178790,-0.050000000000000044
2021-01-12,5160,5280,4975,5010,179231,-0.023391812865497075
2021-01-13,4965,5200,4955,5010,132864,0.0
2021-01-14,4985,5150,4980,5110,75935,0.019960079840319445
2021-01-15,5130,5470,5020,5210,301074,0.019569471624266255
2021-01-18,5180,5210,5060,5060,86924,-0.028790786948176605
2021-01-19,4930,5170,4930,5120,111006,0.011857707509881354
2021-01-20,5100,5130,5040,5040,73184,-0.015625
2021-01-21,5010,5170,4995,5080,96450,0.007936507936507908
2021-01-22,5100,5180,4990,4995,122276,-0.0167322834645669
2021-01-25,5050,5050,4985,5000,77309,0.0010010010010010895
2021-01-26,4955,5190,4955,5050,244042,0.010000000000000009
2021-01-27,5050,5100,5000,5000,79022,-0.00990099009900991
2021-01-28,5000,5450,4900,4985,685061,-0.0030000000000000027
2021-01-29,4985,5180,4740,4745,165273,-0.0481444332998997
2021-02-01,4510,4845,4510,4815,131569,0.01475237091675452
2021-02-02,4870,4975,4765,4910,67188,0.019730010384215957
2021-02-03,4910,5080,4810,5080,97218,0.03462321792260692
2021-02-04,5080,5160,4960,5110,168770,0.0059055118110236116
2021-02-05,5100,5100,4960,4985,65001,-0.024461839530332652
2021-02-08,4990,5170,4945,5080,220155,0.01905717151454356
2021-02-09,5310,5330,5090,5260,502624,0.03543307086614167
2021-02-10,5270,5280,5130,5280,166899,0.0038022813688212143
2021-02-15,5290,5430,5280,5320,221551,0.007575757575757569
2021-02-16,5340,5370,5220,5290,138909,-0.005639097744360888
2021-02-17,5360,5470,5270,5450,275810,0.030245746691871522
2021-02-18,5500,6190,5390,5720,2975216,0.04954128440366978
2021-02-19,5610,5650,5380,5430,330112,-0.05069930069930073
2021-02-22,5480,5760,5470,5690,412512,0.047882136279926435
2021-02-23,5690,6840,5600,6240,12415103,0.09666080843585245
2021-02-24,6400,7200,5840,6560,7580612,0.05128205128205132
2021-02-25,6560,7190,6510,6560,5145750,0.0
2021-02-26,6630,8520,6580,8520,19663075,0.2987804878048781
2021-03-02,9240,9460,7810,7960,12542615,-0.06572769953051638
2021-03-03,8110,8220,7710,7720,2349935,-0.03015075376884424
2021-03-04,7940,9200,7780,8290,15425673,0.07383419689119175
2021-03-05,8150,8210,7720,7920,1475635,-0.04463208685162845
2021-03-08,7970,8370,7330,7440,2731337,-0.06060606060606055
2021-03-09,7400,7540,7000,7260,1060216,-0.024193548387096753
2021-03-10,7240,7380,7030,7030,731536,-0.031680440771349905
2021-03-11,7030,7210,6840,6900,847922,-0.01849217638691325
2021-03-12,6930,7330,6910,7240,764391,0.049275362318840665
2021-03-15,7150,7300,6870,6900,470864,-0.046961325966850875
2021-03-16,7180,8390,6990,7540,12483704,0.09275362318840585
2021-03-17,7640,9150,7500,8540,28992640,0.13262599469496017
2021-03-18,8380,8600,8140,8180,3044660,-0.042154566744730726
2021-03-19,8070,10500,8030,9990,39607772,0.22127139364303172
2021-03-22,9890,10100,9640,9990,6900734,0.0
2021-03-23,9860,9890,9010,9010,3221716,-0.09809809809809811
2021-03-24,9050,9880,8800,8920,9394244,-0.009988901220865709
2021-03-25,8910,9150,8600,8800,1284691,-0.013452914798206317
2021-03-26,8810,9270,8730,8860,2725141,0.006818181818181834
2021-03-29,8900,9190,8610,8630,1320506,-0.025959367945823875
2021-03-30,8630,9150,8490,8990,2162646,0.04171494785631524
2021-03-31,8990,10050,8910,9110,10084742,0.013348164627363657
2021-04-01,9190,9630,8890,9510,2786173,0.04390779363336983
2021-04-02,9500,9650,9210,9460,1421815,-0.00525762355415349
2021-04-05,9520,9680,9250,9380,1105617,-0.008456659619450302
2021-04-06,9520,9880,9120,9260,2156355,-0.01279317697228144
2021-04-07,9400,10100,9200,9550,5991055,0.03131749460043198
2021-04-08,9500,9500,8860,8870,2722688,-0.07120418848167542
2021-04-09,8950,9170,8600,8680,2254947,-0.021420518602029315
2021-04-12,8660,8860,8250,8250,1607138,-0.04953917050691248
2021-04-13,8300,8570,8200,8330,1348213,0.00969696969696976
2021-04-14,8360,8420,8220,8230,544251,-0.01200480192076836
2021-04-15,8270,8380,8000,8000,576498,-0.027946537059538312
2021-04-16,7980,8050,7820,7890,397425,-0.01375000000000004
2021-04-19,8010,8020,7660,7720,391292,-0.021546261089987362
2021-04-20,8100,8300,7860,7870,814893,0.01943005181347157
2021-04-21,7870,8020,7730,7730,238191,-0.017789072426937724
2021-04-22,7730,7850,7640,7800,208636,0.009055627425614388
2021-04-23,7800,7890,7680,7860,225329,0.007692307692307665
2021-04-26,7880,8550,7760,7910,1447968,0.006361323155216203
2021-04-27,8010,8340,7850,8290,1038023,0.048040455120101244
2021-04-28,8200,8700,8100,8610,2440837,0.0386007237635706
2021-04-29,8580,9290,8470,8710,5582147,0.011614401858304202
2021-04-30,8720,8890,8170,8180,942555,-0.06084959816303104
2021-05-03,8150,8280,7590,7650,549603,-0.0647921760391198
2021-05-04,7630,7920,7390,7460,644290,-0.024836601307189565
2021-05-06,7470,7660,7430,7550,188948,0.012064343163538771
2021-05-07,7560,7720,7490,7520,310209,-0.003973509933774877
2021-05-10,7570,7850,7390,7650,585163,0.017287234042553168
2021-05-11,7640,7660,7410,7450,207486,-0.02614379084967322
2021-05-12,7500,7520,7250,7250,199574,-0.02684563758389258
2021-05-13,7210,7330,7050,7200,209474,-0.006896551724137945
2021-05-14,7830,9150,7690,7730,13098199,0.07361111111111107
2021-05-17,7940,9750,7830,8650,15001553,0.11901681759379046
2021-05-18,8930,9800,8760,8880,9697591,0.026589595375722475
2021-05-20,9410,9670,8800,8800,3068149,-0.009009009009009028
2021-05-21,9430,11300,9160,10900,30835185,0.23863636363636354
2021-05-24,10700,11750,10100,10700,12867375,-0.01834862385321101
2021-05-25,10450,11250,10200,11200,5793980,0.04672897196261672
2021-05-26,11350,11400,10200,10200,3768180,-0.0892857142857143
2021-05-27,10100,10750,9920,10300,3736630,0.009803921568627416
2021-05-28,10250,10300,9960,9980,1447999,-0.031067961165048508
2021-05-31,10000,10100,9780,9810,1072935,-0.017034068136272507
2021-06-01,9780,9980,9630,9670,804917,-0.014271151885830835
2021-06-02,9710,9940,9600,9940,1040769,0.02792140641158225
2021-06-03,9980,10050,9710,9980,998243,0.004024144869215318
2021-06-04,9920,10250,9870,10000,1247301,0.002004008016031955
2021-06-07,10200,10250,9950,10200,941996,0.020000000000000018
2021-06-08,10300,10650,10050,10050,1770565,-0.014705882352941124
2021-06-09,10000,10100,9520,9520,749010,-0.052736318407960225
2021-06-10,9420,9480,9070,9090,716832,-0.04516806722689071
2021-06-11,9120,10000,9010,9550,3077934,0.050605060506050625
2021-06-14,9550,9940,9440,9670,939564,0.012565445026178068
2021-06-15,9660,9660,9440,9530,269450,-0.014477766287487093
2021-06-16,9530,9700,9490,9510,238071,-0.0020986358866736943
2021-06-17,9510,9800,9470,9510,401726,0.0
2021-06-18,9510,9650,9380,9380,218423,-0.013669821240799185
2021-06-21,9270,9270,9080,9100,197351,-0.02985074626865669
2021-06-22,9210,9630,9130,9330,407710,0.025274725274725185
2021-06-23,9490,9490,9230,9230,163025,-0.010718113612004254
2021-06-24,9230,9230,9050,9070,187415,-0.017334777898158182
2021-06-25,9120,9640,9090,9270,687289,0.022050716648291058
2021-06-28,9340,9500,9230,9280,154972,0.0010787486515642097
2021-06-29,9250,9450,9240,9270,191072,-0.0010775862068965747
2021-06-30,9340,9400,9250,9260,119571,-0.0010787486515642097
2021-07-01,9270,9380,9190,9220,138459,-0.004319654427645814
2021-07-02,9230,9310,9150,9230,115779,0.0010845986984815426
2021-07-05,9230,9340,9140,9200,146131,-0.00325027085590468
2021-07-06,9240,10050,9230,9620,3324720,0.04565217391304355
2021-07-07,9600,9720,9490,9630,483336,0.0010395010395010118
2021-07-08,9710,9800,9410,9590,624634,-0.004153686396677014
2021-07-09,9410,9530,9290,9410,351993,-0.018769551616266922
2021-07-12,9410,9460,9230,9240,187537,-0.018065887353878818
2021-07-13,9300,9800,9300,9620,1575843,0.04112554112554112
2021-07-14,9600,9610,9440,9460,263588,-0.016632016632016633
2021-07-15,9720,10200,9410,9410,1941487,-0.005285412262156397
2021-07-16,9580,10200,9520,9970,3330462,0.05951115834218923
2021-07-19,10100,10650,10000,10350,3210288,0.03811434302908734
2021-07-20,10100,10500,9900,10000,1396927,-0.033816425120772986
2021-07-21,10200,10250,9630,9650,703437,-0.03500000000000003
2021-07-22,9670,9900,9450,9520,476567,-0.013471502590673534
2021-07-23,9540,9570,9330,9380,302208,-0.014705882352941124
2021-07-26,9380,9410,9000,9000,380908,-0.04051172707889128
2021-07-27,9030,9240,9020,9020,169628,0.0022222222222221255
2021-07-28,9020,9130,8790,8820,202355,-0.022172949002217335
2021-07-29,8900,8990,8660,8680,206538,-0.015873015873015928
2021-07-30,8640,8700,8290,8300,241045,-0.04377880184331795
2021-08-02,8320,8520,8320,8350,117754,0.006024096385542244
2021-08-03,8350,8390,8020,8170,199166,-0.021556886227544925
2021-08-04,8140,8930,8070,8690,1160134,0.06364749082007348
2021-08-05,8720,8750,8580,8680,238345,-0.0011507479861909697
2021-08-06,8700,8750,8480,8520,159184,-0.018433179723502335
2021-08-09,8420,8500,8190,8210,160141,-0.03638497652582162
2021-08-10,8230,8340,8010,8090,158031,-0.01461632155907433
2021-08-11,7980,8150,7860,7900,207792,-0.023485784919653918
2021-08-12,7920,7950,7760,7770,142773,-0.016455696202531622
2021-08-13,7740,7780,7380,7620,211672,-0.019305019305019266
2021-08-17,7620,7620,7060,7070,385243,-0.07217847769028873
2021-08-18,6790,7410,6790,7250,292566,0.02545968882602545
2021-08-19,7180,7300,6960,6990,195925,-0.035862068965517246
2021-08-20,6930,7140,6700,6990,215818,0.0
2021-08-23,6930,7180,6810,7180,219559,0.027181688125894166
2021-08-24,7210,7330,7100,7250,158696,0.009749303621169991
2021-08-25,7210,7340,7100,7230,121856,-0.0027586206896551557
2021-08-26,7230,7870,7170,7650,541373,0.05809128630705396
2021-08-27,7550,7750,7290,7550,334367,-0.013071895424836555
2021-08-30,7560,7580,7400,7410,117897,-0.018543046357615944
2021-08-31,7400,7400,7150,7250,128199,-0.021592442645074206
2021-09-01,7250,7410,7200,7400,101084,0.020689655172413834
2021-09-02,7370,7500,7280,7370,70577,-0.004054054054054013
2021-09-03,7330,7480,7330,7440,94633,0.009497964721845387
2021-09-06,7430,7630,7330,7620,165015,0.024193548387096753
2021-09-07,7690,7740,7520,7520,91750,-0.013123359580052507
2021-09-08,7520,7520,7260,7270,90534,-0.0332446808510638
2021-09-09,7210,7310,7050,7080,73246,-0.02613480055020634
2021-09-10,7060,7190,6910,6980,113356,-0.01412429378531077
2021-09-13,6950,7000,6750,6780,117067,-0.028653295128939882
2021-09-14,6720,6910,6700,6850,82603,0.010324483775811188
2021-09-15,6820,7000,6750,6940,149194,0.013138686131386912
2021-09-16,7190,7230,6850,6860,146387,-0.011527377521613813
2021-09-17,6900,6980,6710,6970,92233,0.016034985422740622
2021-09-23,6930,6980,6840,6870,87835,-0.01434720229555242
2021-09-24,6820,7010,6760,6770,115680,-0.01455604075691408
2021-09-27,6890,7080,6710,6910,143530,0.02067946824224509
2021-09-28,6910,6980,6770,6850,83890,-0.00868306801736618
2021-09-29,6700,6810,6540,6680,178998,-0.02481751824817513
2021-09-30,7000,7300,6640,6690,287296,0.0014970059880239361
2021-10-01,6550,6780,6430,6530,156856,-0.02391629297458897
2021-10-05,6490,6710,6160,6170,293354,-0.05513016845329255
2021-10-06,6150,6280,5750,5780,175802,-0.06320907617504057
2021-10-07,5750,6210,5750,6180,183979,0.0692041522491349
2021-10-08,6190,6360,6110,6250,75957,0.01132686084142387
2021-10-12,6160,6270,6000,6080,53956,-0.027200000000000002
2021-10-13,6010,6210,6010,6180,45044,0.016447368421052655
2021-10-14,6270,6420,6180,6390,67527,0.03398058252427183
2021-10-15,6450,6550,6310,6520,74481,0.020344287949921824
2021-10-18,6520,6540,6390,6450,44400,-0.010736196319018454
2021-10-19,6450,6570,6380,6400,48904,-0.007751937984496138
2021-10-20,6410,6540,6400,6460,77795,0.009374999999999911
2021-10-21,6460,6590,6400,6530,64145,0.010835913312693402
2021-10-22,6500,6680,6440,6550,69080,0.003062787136294043
2021-10-25,6580,6580,6450,6510,39999,-0.006106870229007688
2021-10-26,6510,6630,6510,6570,46488,0.009216589861751112
2021-10-27,6610,6610,6430,6480,43398,-0.013698630136986356
2021-10-28,6460,6490,6310,6340,56682,-0.021604938271604923
2021-10-29,6380,6380,6190,6240,40645,-0.01577287066246058
2021-11-01,6240,6490,6190,6450,58492,0.033653846153846256
2021-11-02,6380,6540,6380,6510,58240,0.009302325581395321
2021-11-03,6610,6700,6430,6520,70269,0.001536098310291889
2021-11-04,6550,6590,6250,6380,124402,-0.021472392638036797
2021-11-05,6400,6600,6300,6380,263900,0.0
2021-11-08,6250,6370,6130,6310,105574,-0.010971786833855801
2021-11-09,6250,6520,6250,6460,144136,0.023771790808240878
2021-11-10,6500,6500,6170,6250,105417,-0.03250773993808054
2021-11-11,6190,6280,5990,6020,81910,-0.036800000000000055
2021-11-12,5980,6110,5980,6100,55308,0.013289036544850585
2021-11-15,6130,6520,6130,6490,186369,0.06393442622950829
2021-11-16,6510,6570,6400,6570,116573,0.012326656394453073
2021-11-17,6510,7080,6460,7060,601303,0.07458143074581436
2021-11-18,6990,7080,6800,6930,351306,-0.018413597733711096
2021-11-19,7000,7020,6630,6660,260455,-0.038961038961038974
2021-11-22,6660,6660,6300,6400,129676,-0.03903903903903905
2021-11-23,6300,6410,6200,6260,103850,-0.021874999999999978
2021-11-24,6200,6310,6150,6280,64800,0.0031948881789136685
2021-11-25,6280,6290,6110,6250,95441,-0.004777070063694322
2021-11-26,6210,6260,6010,6100,82284,-0.02400000000000002
2021-11-29,5850,6100,5720,5930,283329,-0.02786885245901638
2021-11-30,5880,5990,5400,5520,229956,-0.06913996627318719
2021-12-01,5400,5590,5300,5550,104253,0.005434782608695565
2021-12-02,5410,5660,5410,5660,65506,0.01981981981981984
2021-12-03,5610,5750,5610,5720,43462,0.010600706713780994
2021-12-06,5780,5780,5540,5650,65083,-0.012237762237762184
2021-12-07,5630,5760,5620,5760,77355,0.019469026548672552
2021-12-08,5850,5860,5760,5850,86386,0.015625
2021-12-09,6240,6370,5890,5950,328498,0.017094017094017033
2021-12-10,5950,6130,5900,5970,89028,0.003361344537815114
2021-12-13,5970,6040,5900,5900,58581,-0.011725293132328285
2021-12-14,5850,5940,5780,5830,34829,-0.011864406779661052
2021-12-15,5900,5990,5720,5990,43283,0.027444253859348233
2021-12-16,5910,5990,5820,5830,74453,-0.026711185308848084
2021-12-17,5670,5830,5620,5740,90263,-0.015437392795883409
2021-12-20,5760,5770,5580,5580,38841,-0.027874564459930307
2021-12-21,5560,5610,5440,5540,37965,-0.007168458781361964
2021-12-22,5570,5620,5520,5600,27687,0.010830324909747224
2021-12-23,5640,5710,5560,5630,49740,0.005357142857142838
2021-12-24,5630,5970,5630,5820,161054,0.03374777975133214
2021-12-27,5780,5890,5750,5860,64381,0.0068728522336769515
2021-12-28,5780,5890,5760,5840,71953,-0.0034129692832765013
2021-12-29,5840,6090,5790,6090,113731,0.042808219178082085
2021-12-30,6170,6760,6170,6270,1227200,0.029556650246305383
2022-01-03,6290,6330,6220,6280,102521,0.0015948963317384823
2022-01-04,6280,6330,6170,6320,125106,0.006369426751592355
2022-01-05,6320,6490,6260,6400,250058,0.012658227848101333
2022-01-06,6290,8310,6280,8100,14361455,0.265625
2022-01-07,7960,8180,7760,8110,2696217,0.0012345679012346622
2022-01-10,8020,8280,7770,8070,1678948,-0.004932182490752113
2022-01-11,8000,8850,7880,8100,9486518,0.0037174721189590088
2022-01-12,8610,8720,7940,8020,2553463,-0.00987654320987652
2022-01-13,8140,8310,7950,8270,1281522,0.0311720698254363
2022-01-14,8100,8490,7300,7440,1617128,-0.10036275695284158
2022-01-17,7470,7600,7220,7290,349334,-0.020161290322580627
2022-01-18,7200,7320,6940,6940,421561,-0.0480109739368999
2022-01-19,6880,7240,6870,7150,593220,0.030259365994236287
2022-01-20,7070,7460,6910,7370,576990,0.03076923076923066
2022-01-21,7350,7680,7110,7300,612026,-0.009497964721845276
2022-01-24,7440,7600,7170,7290,816195,-0.00136986301369868
2022-01-25,7280,7400,6390,6450,461549,-0.1152263374485597
2022-01-26,6380,6670,6380,6500,199647,0.007751937984496138
2022-01-27,6400,6530,5900,6100,246412,-0.06153846153846154
2022-01-28,6100,6300,5870,6250,214679,0.024590163934426146
2022-02-03,6260,6580,6260,6510,182679,0.04160000000000008
2022-02-04,6460,6830,6450,6780,237684,0.041474654377880116
2022-02-07,6890,6970,6540,6640,172208,-0.020648967551622377
2022-02-08,6640,6720,6370,6440,154046,-0.030120481927710885
2022-02-09,6460,6660,6430,6550,91368,0.017080745341614856
2022-02-10,6670,6920,6550,6580,154287,0.004580152671755711
2022-02-11,6600,6600,6040,6110,210159,-0.0714285714285714
2022-02-14,6080,6080,5500,5510,232791,-0.09819967266775775
2022-02-15,5510,5580,5270,5360,144183,-0.02722323049001818
2022-02-16,5440,5620,5440,5580,67988,0.04104477611940305
2022-02-17,5880,7250,5800,6210,5706957,0.11290322580645151
2022-02-18,6090,6510,5930,6280,926226,0.011272141706924366
2022-02-21,6860,7850,6680,7010,12364044,0.11624203821656054
2022-02-22,6930,7290,6870,7070,1942574,0.008559201141226769
2022-02-23,7080,7110,6780,6910,752459,-0.022630834512022635
2022-02-24,6760,6830,6260,6290,693513,-0.08972503617945005
2022-02-25,6420,6670,6330,6340,623226,0.007949125596184325
2022-02-28,6230,6560,6230,6460,316272,0.018927444794952786
2022-03-02,6470,6720,6410,6630,419225,0.026315789473684292
2022-03-03,6760,7660,6620,7090,6789455,0.06938159879336347
2022-03-04,7000,7170,6810,6950,898283,-0.019746121297602226
2022-03-07,6830,6940,6550,6620,418649,-0.0474820143884892
2022-03-08,6450,7970,6370,7560,16258184,0.14199395770392753
2022-03-10,8340,9200,8090,8290,17492799,0.09656084656084651
2022-03-11,8140,8350,8020,8200,2184170,-0.010856453558504175
2022-03-14,8320,8350,7710,7750,1428198,-0.054878048780487854
2022-03-15,7830,7990,7540,7730,1335689,-0.002580645161290307
2022-03-16,7780,8020,7650,7790,1519538,0.0077619663648125226
2022-03-17,7900,8120,7580,8020,2022886,0.029525032092426295
2022-03-18,7970,7980,7690,7690,646021,-0.041147132169576106
2022-03-21,7710,7790,7510,7650,475833,-0.005201560468140465
2022-03-22,7650,7720,7520,7640,321792,-0.0013071895424836555
2022-03-23,7640,8150,7590,8040,1389523,0.05235602094240832
2022-03-24,7840,8490,7680,7940,3088383,-0.01243781094527363
2022-03-25,8020,8370,7960,8070,2996239,0.016372795969773257
2022-03-28,8070,8150,7900,7930,483717,-0.01734820322180919
2022-03-29,8050,8640,8000,8520,3989461,0.07440100882723844
2022-03-30,8330,8370,7850,7910,1323220,-0.07159624413145538
2022-03-31,7810,8180,7810,7920,625899,0.0012642225031604948
2022-04-01,7860,8060,7750,7750,273325,-0.02146464646464652
2022-04-04,7820,7970,7660,7820,283752,0.00903225806451613
2022-04-05,7800,8480,7760,8090,3970266,0.03452685421994883
2022-04-06,7970,8160,7940,7960,475888,-0.01606922126081578
2022-04-07,7880,8110,7680,7690,575203,-0.0339195979899497
2022-04-08,7730,7770,7570,7610,184106,-0.01040312093628093
2022-04-11,7560,8130,7540,7710,707473,0.013140604467805517
2022-04-12,7630,7790,7350,7410,234920,-0.03891050583657585
2022-04-13,7400,7470,7250,7260,234565,-0.020242914979757054
2022-04-14,7280,7440,7260,7340,171864,0.011019283746556363
2022-04-15,7330,7680,7300,7400,173461,0.008174386920980936
2022-04-18,7650,7770,7410,7490,223121,0.012162162162162149
2022-04-19,7420,7570,7340,7400,158035,-0.012016021361815787
2022-04-20,7410,7460,7290,7300,124878,-0.013513513513513487
2022-04-21,7280,7360,7280,7310,80228,0.00136986301369868
2022-04-22,7310,7320,7100,7150,130095,-0.02188782489740082
2022-04-25,6960,7030,6790,6790,141657,-0.05034965034965033
2022-04-26,6830,7000,6770,6870,89201,0.01178203240058906
2022-04-27,6680,7300,6650,7140,470307,0.0393013100436681
2022-04-28,7140,7390,7080,7090,274747,-0.007002801120448154
2022-04-29,7090,7260,6990,7190,127458,0.014104372355430161
2022-05-02,7020,7130,6950,7110,61752,-0.011126564673157202
2022-05-03,7060,7370,7050,7200,204563,0.012658227848101333
2022-05-04,7200,7210,7010,7010,85205,-0.026388888888888906
2022-05-06,6850,7010,6800,6820,86736,-0.02710413694721825
2022-05-09,6710,6850,6400,6450,184722,-0.05425219941348969
2022-05-10,6260,6390,5950,6330,174288,-0.018604651162790753
2022-05-11,6240,6450,6230,6330,79763,0.0
2022-05-12,6260,6680,6090,6090,221340,-0.03791469194312791
2022-05-13,6090,6240,6090,6230,66608,0.02298850574712641
2022-05-16,6270,6450,6240,6260,62696,0.0048154093097914075
2022-05-17,6260,6470,6220,6370,84512,0.01757188498402562
2022-05-18,6470,7900,6410,7210,5675197,0.13186813186813184
2022-05-19,7140,7650,7070,7600,1763526,0.05409153952843271
2022-05-20,7510,7650,7430,7440,519685,-0.021052631578947323
2022-05-23,7470,7700,7260,7490,920962,0.006720430107526987
2022-05-24,7390,7600,7250,7260,345802,-0.03070761014686252
2022-05-25,7220,8000,7120,7200,2645190,-0.008264462809917328
2022-05-26,7200,7360,7040,7080,388216,-0.01666666666666672
2022-05-27,7160,7270,7070,7080,198454,0.0
2022-05-30,7140,7310,7130,7170,172674,0.012711864406779627
2022-05-31,7130,7390,7130,7180,266203,0.001394700139470073
2022-06-02,7240,7260,7110,7130,88998,-0.0069637883008356605
2022-06-03,7130,7210,7020,7060,98041,-0.009817671809256634
2022-06-07,7020,7170,6900,6950,165147,-0.015580736543909346
2022-06-08,6950,7020,6850,6880,70671,-0.010071942446043147
2022-06-09,6820,6840,6600,6700,101621,-0.026162790697674465
2022-06-10,6580,6780,6560,6560,73413,-0.020895522388059695
2022-06-13,6370,6470,6200,6230,140671,-0.05030487804878048
2022-06-14,5970,6200,5970,6180,129233,-0.008025682182985605
2022-06-15,6050,6170,5550,5750,152639,-0.06957928802588997
2022-06-16,5760,7450,5760,6390,6258576,0.11130434782608689
2022-06-17,6250,6300,5970,6250,557921,-0.021909233176838794
2022-06-20,6360,6500,5580,5690,570031,-0.08960000000000001
2022-06-21,5670,6100,5660,5840,500039,0.026362038664323295
2022-06-22,5870,5930,5340,5380,411474,-0.07876712328767121
2022-06-23,5350,5860,4820,4830,962286,-0.10223048327137552
2022-06-24,4755,5210,4755,5090,445100,0.053830227743271175
2022-06-27,5140,5640,5140,5510,1067579,0.0825147347740669
2022-06-28,5500,5750,5470,5530,378028,0.003629764065335772
2022-06-29,5400,5720,5320,5680,207992,0.027124773960216952
2022-06-30,5790,5860,5410,5500,219931,-0.03169014084507038
2022-07-01,5490,5630,5230,5360,100996,-0.025454545454545507
2022-07-04,5840,5840,5060,5180,468161,-0.03358208955223885
2022-07-05,5180,5480,5180,5470,193625,0.055984555984555984
2022-07-06,5430,5800,5120,5360,280672,-0.020109689213894
2022-07-07,5430,5650,5410,5530,203699,0.03171641791044766
2022-07-08,5610,5750,5530,5550,264220,0.003616636528029016
2022-07-11,5600,5620,5460,5570,97400,0.003603603603603567
2022-07-12,5460,5530,5290,5340,88165,-0.04129263913824055
2022-07-13,5340,5630,5200,5330,343155,-0.0018726591760299671
2022-07-14,5260,5380,5190,5320,58076,-0.0018761726078799779
2022-07-15,5320,5390,5120,5200,79713,-0.022556390977443663
2022-07-18,5350,5440,5270,5400,86522,0.03846153846153855
2022-07-19,5320,5510,5310,5430,63913,0.005555555555555536
2022-07-20,5530,5600,5400,5410,87739,-0.0036832412523020164
2022-07-21,5430,5600,5420,5560,102198,0.02772643253234741
2022-07-22,5540,5810,5500,5510,297484,-0.008992805755395739
2022-07-25,5470,5650,5440,5510,80068,0.0
2022-07-26,5450,5480,5350,5380,70802,-0.023593466424682408
2022-07-27,5400,5510,5390,5470,80760,0.016728624535315983
2022-07-28,5570,5570,5400,5420,61821,-0.009140767824497242
2022-07-29,5490,5600,5430,5490,92373,0.012915129151291449
2022-08-01,5470,5800,5470,5770,890368,0.051001821493624755
2022-08-02,5780,5800,5680,5700,151228,-0.012131715771230511
2022-08-03,5730,5800,5620,5720,187261,0.0035087719298245723
2022-08-04,5750,5790,5650,5760,118041,0.006993006993007089
2022-08-05,5720,5800,5670,5710,116365,-0.00868055555555558
2022-08-08,5680,5710,5530,5630,78551,-0.014010507880910628
2022-08-09,5760,6100,5710,5730,2253143,0.017761989342806483
2022-08-10,5770,5790,5600,5680,155481,-0.008726003490401424
2022-08-11,5730,5760,5610,5620,148085,-0.010563380281690127
2022-08-12,5620,6170,5620,5770,1262678,0.026690391459074814
2022-08-16,5760,5790,5660,5760,162926,-0.0017331022530329143
2022-08-17,5710,5850,5640,5660,163905,-0.01736111111111116
2022-08-18,5580,5650,5480,5650,123295,-0.0017667844522968323
2022-08-19,5610,5760,5610,5670,72124,0.003539823008849474
2022-08-22,5580,5630,5360,5370,106442,-0.05291005291005291
2022-08-23,5280,5400,5200,5250,68385,-0.022346368715083775
2022-08-24,5240,5320,5150,5310,41301,0.011428571428571344
2022-08-25,5260,5470,5260,5470,52258,0.030131826741996326
2022-08-26,5470,5510,5400,5480,30905,0.001828153564899404
2022-08-29,5210,5340,5210,5290,37127,-0.034671532846715314
2022-08-30,5600,5630,5360,5390,205166,0.018903591682419618
2022-08-31,5320,5500,5320,5460,69618,0.01298701298701288
2022-09-01,5400,5450,5270,5280,56766,-0.03296703296703296
2022-09-02,5260,5440,5110,5270,120596,-0.0018939393939394478
2022-09-05,5160,5280,5130,5190,62698,-0.015180265654648917
2022-09-06,5190,5340,5160,5250,71115,0.011560693641618602
2022-09-07,5250,5280,5080,5090,61549,-0.030476190476190435
2022-09-08,5180,5190,5050,5060,43993,-0.005893909626719096
2022-09-13,5080,5180,5070,5130,58978,0.01383399209486158
2022-09-14,4950,5090,4930,5070,67008,-0.011695906432748537
2022-09-15,5090,5120,5000,5020,41369,-0.009861932938856066
2022-09-16,4995,5060,4940,4950,68821,-0.013944223107569709
2022-09-19,4965,4990,4705,4750,141254,-0.04040404040404044
2022-09-20,4650,4810,4650,4735,55130,-0.0031578947368421373
2022-09-21,4670,4805,4670,4705,36284,-0.006335797254487852
2022-09-22,4595,4710,4465,4615,66983,-0.019128586609989395
2022-09-23,4555,4610,4405,4440,61465,-0.037919826652221045
2022-09-26,4390,4440,4040,4070,133620,-0.08333333333333337
2022-09-27,4035,4430,3960,4085,295732,0.0036855036855036882
2022-09-28,4035,4220,3810,3820,82678,-0.06487148102815177
2022-09-29,3945,4090,3875,3970,79659,0.03926701570680624
2022-09-30,3860,3990,3800,3975,67653,0.0012594458438286438
2022-10-04,4005,4085,4005,4085,28718,0.02767295597484276
2022-10-05,4125,4170,3965,4060,36973,-0.006119951040391647
2022-10-06,4060,4150,4060,4135,25743,0.018472906403940836
2022-10-07,4100,4140,4060,4080,15806,-0.013301088270858519
2022-10-11,3965,3970,3690,3730,61661,-0.08578431372549022
2022-10-12,3670,3725,3595,3715,49132,-0.004021447721179627
2022-10-13,3680,3680,3315,3480,113665,-0.06325706594885594
2022-10-14,3530,3795,3530,3725,70549,0.07040229885057481
2022-10-17,3695,3745,3565,3735,34348,0.0026845637583892135
2022-10-18,3785,3855,3765,3810,26739,0.02008032128514059
2022-10-19,3855,3875,3755,3765,25154,-0.011811023622047223
2022-10-20,3810,3810,3705,3710,16589,-0.014608233731739695
2022-10-21,3670,3690,3620,3625,24952,-0.022911051212938016
2022-10-24,3665,3795,3665,3765,53234,0.0386206896551724
2022-10-25,3770,4000,3765,3835,85606,0.01859229747675961
2022-10-26,3830,3830,3705,3780,28161,-0.014341590612777066
2022-10-27,3745,3840,3725,3815,32846,0.0092592592592593
2022-10-28,3800,3895,3745,3760,35676,-0.014416775884665833
2022-10-31,3795,3805,3740,3765,33133,0.0013297872340425343
2022-11-01,3750,3835,3730,3830,33882,0.01726427622841964
2022-11-02,3795,3840,3750,3840,25774,0.0026109660574411553
2022-11-03,3745,3980,3690,3980,54147,0.03645833333333326
2022-11-04,4010,4010,3915,3980,97246,0.0
2022-11-07,4030,4175,3995,4175,294589,0.04899497487437188
2022-11-08,4090,4140,4010,4120,114984,-0.013173652694610793
2022-11-09,4080,4145,4040,4075,61398,-0.01092233009708743
2022-11-10,4020,4085,3960,4015,43116,-0.014723926380368124
2022-11-11,4160,4160,4050,4060,39769,0.011207970112079746
2022-11-14,4080,4120,4035,4115,39504,0.013546798029556717
2022-11-15,4070,4130,4070,4130,42211,0.0036452004860267895
2022-11-16,4130,4150,4040,4085,38375,-0.010895883777239712
2022-11-17,4050,4120,4035,4080,19053,-0.001223990208078285
2022-11-18,4095,4100,4025,4060,35159,-0.004901960784313708
2022-11-21,4050,4070,3905,3965,54268,-0.023399014778325178
2022-11-22,3840,3915,3830,3890,34410,-0.018915510718789386
2022-11-23,3890,3950,3890,3930,9378,0.010282776349614497
2022-11-24,3950,4005,3950,4000,17633,0.01781170483460559
2022-11-25,4010,4030,3965,3995,16154,-0.0012499999999999734
2022-11-28,4010,4010,3875,3880,17917,-0.028785982478097605
2022-11-29,3850,3920,3835,3915,17020,0.009020618556700999
2022-11-30,3915,3935,3870,3915,12831,0.0
2022-12-01,4000,4025,3945,3985,28556,0.017879948914431676
2022-12-02,4010,4150,3955,4060,128948,0.01882057716436636
2022-12-05,4170,4175,4060,4100,62598,0.009852216748768461
2022-12-06,4070,4135,3960,4045,32277,-0.013414634146341475
2022-12-07,4035,4035,3920,3975,18419,-0.017305315203955507
2022-12-08,4070,4100,3810,3845,102528,-0.03270440251572326
2022-12-09,3840,3880,3790,3830,27441,-0.0039011703511053764
2022-12-12,3855,3860,3795,3800,12207,-0.007832898172323799
2022-12-13,3810,3840,3775,3790,20727,-0.0026315789473684292
2022-12-14,3790,3850,3780,3840,12406,0.013192612137203241
2022-12-15,3745,3880,3745,3830,27959,-0.0026041666666666297
2022-12-16,3740,3785,3660,3785,16085,-0.011749347258485643
2022-12-19,3770,3775,3710,3720,19897,-0.017173051519154603
2022-12-20,3610,3680,3515,3600,73678,-0.032258064516129004
2022-12-21,3610,3610,3510,3535,19874,-0.018055555555555602
2022-12-22,3565,3570,3510,3525,37620,-0.0028288543140028155
2022-12-23,3525,3540,3350,3400,70583,-0.03546099290780147
2022-12-26,3350,3395,3300,3335,31990,-0.019117647058823573
2022-12-27,3305,3355,3305,3350,34042,0.004497751124437732
2022-12-28,3380,3380,3300,3320,19591,-0.008955223880596996
2022-12-29,3320,3320,3135,3220,46260,-0.030120481927710885
2023-01-02,3195,3235,3070,3110,48005,-0.03416149068322982
2023-01-03,3035,3175,2920,3060,97905,-0.01607717041800638
2023-01-04,2980,3150,2980,3135,59584,0.02450980392156854
2023-01-05,3215,3990,3200,3425,3367302,0.09250398724082931
2023-01-06,3405,3480,3340,3395,356515,-0.008759124087591275
2023-01-09,3460,3460,3380,3385,130475,-0.002945508100147265
2023-01-10,3375,3450,3370,3385,150365,0.0
2023-01-11,3395,3455,3395,3455,126945,0.02067946824224509
2023-01-12,3500,3680,3465,3480,784392,0.00723589001447178
2023-01-13,3550,3620,3500,3565,396313,0.024425287356321768
2023-01-16,3565,3565,3480,3505,126823,-0.016830294530154277
2023-01-17,3510,3520,3415,3415,98226,-0.025677603423680417
2023-01-18,3420,3430,3360,3415,73166,0.0
2023-01-19,3415,3660,3340,3445,241537,0.008784773060029227
2023-01-20,3460,3530,3450,3475,58582,0.00870827285921627
2023-01-25,3660,3845,3530,3575,495501,0.02877697841726623
2023-01-26,3575,3675,3545,3650,186817,0.020979020979021046
2023-01-27,3645,3675,3575,3625,100964,-0.006849315068493178
2023-01-30,3700,4250,3630,3975,6495299,0.096551724137931
2023-01-31,4005,4095,3895,3910,662156,-0.01635220125786163
2023-02-01,3915,4000,3850,3960,292689,0.01278772378516635
2023-02-02,4000,4060,3950,4005,321283,0.011363636363636465
2023-02-03,4005,4010,3895,3980,179048,-0.006242197253433224
2023-02-06,3980,3980,3880,3925,121255,-0.013819095477386911
2023-02-07,3935,4900,3935,4530,8979564,0.154140127388535
2023-02-08,4620,4620,4460,4545,650295,0.0033112582781456013
2023-02-09,4605,4805,4560,4645,1825352,0.022002200220021972
2023-02-10,4645,5090,4405,4635,2592277,-0.0021528525296017342
2023-02-13,4685,4950,4520,4685,1136692,0.010787486515641875
2023-02-14,4890,4895,4545,4545,581457,-0.029882604055496254
2023-02-15,4550,4560,4260,4325,289232,-0.04840484048404836
2023-02-16,4335,4400,4305,4335,107516,0.0023121387283238093
2023-02-17,4260,4335,4205,4245,122752,-0.02076124567474047
2023-02-20,4220,4360,4180,4305,118412,0.014134275618374659
2023-02-21,4350,4640,4315,4435,920412,0.030197444831591147
2023-02-22,4315,4415,4290,4290,144699,-0.03269447576099216
2023-02-23,4330,4405,4290,4290,84921,0.0
2023-02-24,4335,4590,4290,4310,477003,0.004662004662004726
2023-02-27,4310,4370,4135,4160,95114,-0.03480278422273786
2023-02-28,4195,4245,4165,4245,60523,0.02043269230769229
2023-03-02,4205,4305,4015,4230,137789,-0.0035335689045936647
2023-03-03,4205,4300,4205,4280,57910,0.011820330969267046
2023-03-06,4290,4515,4270,4455,260379,0.04088785046728982
2023-03-07,4510,4600,4405,4470,222222,0.0033670033670034627
2023-03-08,4470,4500,4325,4355,125535,-0.02572706935123048
2023-03-09,4460,4660,4190,4440,714094,0.019517795637198576
2023-03-10,4395,4430,4280,4285,128700,-0.03490990990990994
2023-03-13,4195,4255,3990,4150,155468,-0.031505250875145885
2023-03-14,4150,4155,3935,3945,78421,-0.04939759036144575
2023-03-15,3955,4095,3955,4035,55150,0.02281368821292773
2023-03-16,4395,4790,4095,4120,3378118,0.02106567534076831
2023-03-17,4140,4370,4115,4275,290022,0.03762135922330101
2023-03-20,4275,4355,4195,4350,133781,0.01754385964912286
2023-03-21,4320,4375,4240,4245,115751,-0.024137931034482807
2023-03-22,4310,4465,4310,4380,188580,0.03180212014134276
2023-03-23,4335,4490,4260,4325,172956,-0.01255707762557079
2023-03-24,4300,4425,4290,4345,111956,0.0046242774566473965
2023-03-27,4350,4445,4240,4385,104163,0.009205983889528202
2023-03-28,4390,4470,4380,4430,102738,0.010262257696693311
2023-03-29,4490,4490,4360,4430,111534,0.0
2023-03-30,4430,4520,4410,4460,124417,0.006772009029345272
2023-03-31,4470,4505,4320,4345,126801,-0.02578475336322872
2023-04-03,4310,4450,4310,4450,89929,0.024165707710011475
2023-04-04,4400,4480,4380,4455,72990,0.0011235955056179137
2023-04-05,4425,4495,4405,4465,81611,0.002244668911335568
2023-04-06,4465,4485,4305,4350,82363,-0.025755879059350506
2023-04-07,4350,4395,4255,4280,74047,-0.016091954022988464
2023-04-10,4300,4325,4115,4170,81654,-0.025700934579439227
2023-04-11,4170,4250,4040,4250,53270,0.01918465227817756
2023-04-12,4250,4260,4160,4235,45351,-0.003529411764705892
2023-04-13,4305,4330,4225,4305,83466,0.016528925619834656
2023-04-14,4305,4330,4240,4305,63835,0.0
2023-04-17,4255,4320,4200,4270,44001,-0.008130081300813052
2023-04-18,4270,4290,4195,4235,36062,-0.008196721311475419
2023-04-19,4240,4265,4160,4250,58130,0.0035419126328217754
2023-04-20,4150,4230,4120,4155,68322,-0.022352941176470575
2023-04-21,4155,4155,3980,4015,47004,-0.03369434416365824
2023-04-24,4030,4100,3965,4015,59620,0.0
2023-04-25,4000,4190,3795,4000,235314,-0.0037359900373599153
2023-04-26,3955,4010,3820,3850,42808,-0.03749999999999998
2023-04-27,3855,4045,3765,3890,30814,0.010389610389610393
2023-04-28,3895,3905,3660,3675,72683,-0.055269922879177424
2023-05-02,3630,3775,3630,3700,28769,0.006802721088435382
2023-05-03,3750,3775,3685,3725,33324,0.006756756756756799
2023-05-04,3725,3735,3650,3710,24017,-0.004026845637583931
2023-05-08,3720,3880,3720,3820,44144,0.029649595687331498
2023-05-09,3820,3835,3710,3750,31300,-0.01832460732984298
2023-05-10,3710,3740,3670,3705,23180,-0.01200000000000001
2023-05-11,3675,3735,3675,3715,21742,0.0026990553306343035
2023-05-12,3750,3750,3650,3690,31896,-0.006729475100942128
2023-05-15,3690,3895,3575,3630,178961,-0.016260162601625994
2023-05-16,3595,3645,3550,3575,59194,-0.015151515151515138
2023-05-17,3540,3685,3540,3670,56561,0.02657342657342654
2023-05-18,3745,3745,3675,3675,22862,0.0013623978201635634
2023-05-19,3675,3770,3675,3770,40485,0.02585034013605436
2023-05-22,3770,3845,3740,3820,41561,0.013262599469495928
2023-05-23,3850,3850,3775,3800,19358,-0.005235602094240788
2023-05-24,3800,3850,3755,3805,44900,0.001315789473684159
2023-05-25,3775,3820,3775,3805,28517,0.0
2023-05-26,3830,4070,3755,3770,359469,-0.009198423127463884
2023-05-30,3800,4070,3800,3830,144110,0.01591511936339529
2023-05-31,3820,4330,3820,3890,1447124,0.015665796344647598
2023-06-01,3925,4180,3900,3980,405161,0.023136246786632286
2023-06-02,4020,4020,3930,3930,74347,-0.012562814070351758
2023-06-05,3930,3985,3895,3935,68014,0.0012722646310432406
2023-06-07,3905,3990,3895,3895,55449,-0.010165184243964398
2023-06-08,3850,3895,3845,3885,34048,-0.0025673940949936247
2023-06-09,3885,3910,3860,3900,22279,0.0038610038610038533
2023-06-12,3920,3920,3825,3850,24503,-0.012820512820512775
2023-06-13,3870,3870,3820,3825,41260,-0.00649350649350644
2023-06-14,3825,3845,3700,3760,47322,-0.016993464052287632
2023-06-15,3775,3795,3685,3720,34358,-0.010638297872340385
2023-06-16,3760,3800,3720,3785,23186,0.017473118279569988
2023-06-19,3800,3800,3710,3750,31874,-0.009247027741083214
2023-06-20,3720,3785,3700,3725,32731,-0.00666666666666671
2023-06-21,3775,3775,3685,3695,37438,-0.008053691275167751
2023-06-22,3665,3710,3650,3695,16550,0.0
2023-06-23,3690,3690,3590,3650,63836,-0.012178619756427644
2023-06-26,3660,3665,3585,3660,18080,0.00273972602739736
2023-06-27,3675,3695,3605,3630,27325,-0.008196721311475419
2023-06-28,3620,3645,3585,3600,23124,-0.008264462809917328
2023-06-29,3630,3650,3475,3515,61878,-0.023611111111111138
2023-06-30,3585,3585,3475,3525,34474,0.002844950213371167
2023-07-03,3560,3600,3525,3575,34177,0.014184397163120588
2023-07-04,3575,3680,3535,3555,31636,-0.005594405594405605
2023-07-05,3555,3555,3455,3480,41153,-0.021097046413502074
2023-07-06,3410,3455,3295,3335,117800,-0.04166666666666663
2023-07-07,3330,3330,3235,3280,40277,-0.016491754122938573
2023-07-10,3250,3295,3150,3230,38746,-0.015243902439024404
2023-07-11,3220,3320,3220,3310,30602,0.024767801857585203
2023-07-12,3375,3445,3280,3285,36120,-0.007552870090634434
2023-07-13,3290,3335,3285,3305,13702,0.0060882800608828
2023-07-14,3310,3310,3255,3310,26000,0.001512859304084735
2023-07-17,3275,3310,3150,3305,74297,-0.0015105740181269312
2023-07-18,3270,3300,3205,3240,25146,-0.01966717095310133
2023-07-19,3205,3215,3105,3170,51938,-0.021604938271604923
2023-07-20,3145,3175,3100,3170,26384,0.0
2023-07-21,3165,3200,3060,3085,41524,-0.02681388012618302
2023-07-24,3080,3200,2940,2950,94488,-0.04376012965964349
2023-07-25,2950,2965,2815,2860,69338,-0.03050847457627115
2023-07-26,2860,2860,2575,2665,118772,-0.06818181818181823
2023-07-27,2670,2790,2670,2785,33441,0.045028142589118136
2023-07-28,2785,2850,2760,2835,20217,0.01795332136445249
2023-07-31,2840,2890,2820,2880,36100,0.015873015873015817
2023-08-01,2880,2965,2880,2950,22008,0.02430555555555558
2023-08-02,2980,2995,2900,2910,23651,-0.013559322033898313
2023-08-03,2895,2905,2845,2865,22975,-0.015463917525773141
2023-08-04,2825,2915,2815,2900,16786,0.01221640488656206
2023-08-07,2905,2915,2850,2890,27792,-0.0034482758620689724
2023-08-08,2885,2910,2785,2800,58208,-0.03114186851211076
2023-08-09,2800,2855,2770,2850,26254,0.017857142857142794
2023-08-10,2770,2955,2765,2935,62963,0.029824561403508865
2023-08-11,2935,3020,2935,2985,17675,0.017035775127768327
2023-08-14,2990,3005,2915,2950,24759,-0.011725293132328285
2023-08-16,2880,2910,2750,2835,71964,-0.03898305084745768
2023-08-17,2805,2885,2750,2875,46936,0.014109347442680775
2023-08-18,2795,2885,2795,2885,13476,0.003478260869565153
2023-08-21,2860,2945,2845,2930,27092,0.015597920277296451
2023-08-22,2950,3000,2900,2940,24872,0.0034129692832765013
2023-08-23,2940,3495,2925,3165,1911181,0.07653061224489788
2023-08-24,3100,3170,3040,3120,239043,-0.014218009478673022
2023-08-25,3165,3165,3035,3070,114822,-0.01602564102564108
2023-08-28,3070,3100,2995,3050,54407,-0.006514657980456029
2023-08-29,3060,3150,3035,3050,91983,0.0
2023-08-30,3100,3100,3055,3090,49400,0.013114754098360715
2023-08-31,3100,3165,3065,3120,74859,0.009708737864077666
2023-09-01,3125,3125,3065,3100,42754,-0.0064102564102563875
2023-09-04,3100,3115,3075,3115,40274,0.004838709677419395
2023-09-05,3100,3135,3080,3115,33462,0.0
2023-09-06,3115,3140,3090,3115,33085,0.0
2023-09-07,3115,3120,3035,3075,55490,-0.012841091492776902
2023-09-08,3045,3080,3020,3075,45118,0.0
2023-09-11,3080,3105,3060,3085,21909,0.003252032520325132
2023-09-12,3085,3135,2865,2935,96438,-0.0486223662884927
2023-09-13,2910,2990,2910,2960,20135,0.008517887563884052
2023-09-14,2960,2990,2910,2965,19213,0.0016891891891892552
2023-09-15,3010,3080,2985,3070,52519,0.03541315345699836
2023-09-18,3045,3085,3035,3055,24384,-0.004885993485342022
2023-09-19,3025,3055,2910,3000,36739,-0.018003273322422242
2023-09-20,2985,2995,2955,2960,16103,-0.013333333333333308
2023-09-21,2960,2960,2850,2880,56904,-0.027027027027026973
2023-09-22,2840,2880,2835,2850,43281,-0.01041666666666663
2023-09-25,2810,2890,2810,2825,34860,-0.00877192982456143
2023-09-26,2800,2840,2690,2745,87695,-0.02831858407079646
2023-09-27,2695,2865,2695,2805,50558,0.021857923497267784
2023-10-04,2915,3600,2870,3375,10475430,0.20320855614973254
2023-10-05,3290,3490,3050,3140,1868508,-0.0696296296296296
2023-10-06,3500,3570,3165,3195,2242803,0.01751592356687892
2023-10-10,3185,3195,2985,2985,483109,-0.06572769953051638
2023-10-11,2990,3180,2985,3030,570343,0.015075376884422065
2023-10-12,3110,3165,3010,3050,345871,0.0066006600660066805
2023-10-13,3020,3065,2805,2850,267731,-0.06557377049180324
2023-10-16,2850,2850,2705,2780,150571,-0.024561403508771895
2023-10-17,2775,2835,2760,2820,114380,0.014388489208633004
2023-10-18,2820,2820,2720,2725,122799,-0.03368794326241131
2023-10-19,2670,2720,2615,2620,116488,-0.038532110091743066
2023-10-20,2575,2595,2460,2480,105522,-0.05343511450381677
2023-10-23,2460,2520,2430,2465,74851,-0.006048387096774244
2023-10-24,2465,2540,2370,2540,58162,0.030425963488843744
2023-10-25,2550,2590,2530,2565,58592,0.009842519685039353
2023-10-26,2485,2520,2450,2500,63912,-0.025341130604288553
2023-10-27,2490,2605,2440,2575,42231,0.030000000000000027
2023-10-30,2580,2860,2580,2700,1167434,0.04854368932038833
2023-10-31,2725,2730,2640,2670,92952,-0.011111111111111072
2023-11-01,2670,2695,2630,2645,42839,-0.009363295880149836
2023-11-02,2660,2720,2655,2700,48258,0.020793950850661602
2023-11-03,2730,2745,2690,2735,37319,0.012962962962963065
2023-11-06,2755,2785,2700,2755,88381,0.007312614259597838
2023-11-07,2755,2775,2655,2675,52300,-0.029038112522686066
2023-11-08,2700,2745,2670,2675,54681,0.0
2023-11-09,2695,2700,2605,2675,37441,0.0
2023-11-10,2625,2690,2590,2610,22532,-0.024299065420560706
2023-11-13,2615,2635,2545,2555,21504,-0.021072796934865856
2023-11-14,2550,2675,2550,2650,55402,0.03718199608610573
2023-11-15,2730,2770,2680,2755,82996,0.039622641509434064
2023-11-16,2830,2875,2765,2865,151774,0.03992740471869327
2023-11-17,2865,2870,2800,2865,66689,0.0
2023-11-20,2845,2885,2830,2870,71424,0.0017452006980802626
2023-11-21,2875,2945,2850,2940,101863,0.024390243902439046
2023-11-22,2925,2925,2865,2890,50318,-0.017006802721088454
2023-11-23,2890,2965,2805,2835,97876,-0.01903114186851207
2023-11-24,2840,2890,2830,2870,35556,0.012345679012345734
2023-11-27,2865,2900,2835,2845,39386,-0.008710801393728262
2023-11-28,2875,2885,2765,2875,27829,0.010544815465729274
2023-11-29,2905,2905,2795,2800,38964,-0.02608695652173909
2023-11-30,2835,2875,2810,2875,26019,0.02678571428571419
2023-12-01,2875,2920,2855,2890,52008,0.00521739130434784
2023-12-04,2890,3015,2885,2980,152864,0.03114186851211076
2023-12-05,3015,3055,2915,2940,140534,-0.01342281879194629
2023-12-06,2940,3075,2930,3075,144064,0.04591836734693877
2023-12-07,3045,3050,2840,2960,179965,-0.0373983739837398
2023-12-08,2935,2960,2875,2935,90137,-0.008445945945945943
2023-12-11,2945,3150,2945,3055,369720,0.040885860306643984
2023-12-12,3070,3070,2985,3045,47738,-0.00327332242225864
2023-12-13,3055,3060,2920,2940,50380,-0.03448275862068961
2023-12-14,2940,3405,2940,3070,2014164,0.04421768707482987
2023-12-15,3050,3110,2905,2930,334559,-0.0456026058631922
2023-12-18,2935,2985,2890,2940,74228,0.0034129692832765013
2023-12-19,2935,2950,2860,2880,65162,-0.020408163265306145
2023-12-20,2895,2935,2880,2910,42226,0.01041666666666674
2023-12-21,2925,2930,2840,2855,52722,-0.018900343642611728
2023-12-22,2860,2900,2845,2845,38653,-0.003502626970227629
2023-12-26,2860,2865,2760,2825,43152,-0.007029876977152849
2023-12-27,2825,2860,2795,2850,32194,0.008849557522123908
2023-12-28,2865,2880,2835,2880,12850,0.010526315789473717
2024-01-02,2875,2965,2875,2935,48102,0.01909722222222232
2024-01-03,2935,2940,2880,2925,31098,-0.0034071550255536653
2024-01-04,2905,2915,2865,2915,25194,-0.0034188034188034067
2024-01-05,2915,2930,2865,2920,34328,0.0017152658662091813
2024-01-08,2925,2960,2905,2935,35668,0.005136986301369939
2024-01-09,2940,3055,2920,3040,128775,0.035775127768313375
2024-01-10,3055,3100,2975,2995,45504,-0.014802631578947345
2024-01-11,3010,3050,2990,3045,58773,0.016694490818029983
2024-01-12,3060,3060,2930,2945,57973,-0.03284072249589487
2024-01-15,2945,2980,2910,2960,20446,0.005093378607809784
2024-01-16,2930,3020,2855,2975,40429,0.0050675675675675436
2024-01-17,2975,2975,2830,2860,51624,-0.03865546218487392
2024-01-18,2845,2915,2815,2890,26782,0.010489510489510412
2024-01-19,2890,2950,2855,2920,44746,0.01038062283737018
2024-01-22,2920,2995,2895,2995,76403,0.02568493150684925
2024-01-23,2980,3010,2930,2995,35879,0.0
2024-01-24,3000,3000,2915,2950,41928,-0.015025041736227096
2024-01-25,2950,2955,2840,2920,32893,-0.01016949152542368
2024-01-26,2905,2950,2875,2950,53807,0.010273972602739656
2024-01-29,2965,2975,2885,2915,48582,-0.011864406779661052
2024-01-30,2930,2975,2900,2970,78325,0.018867924528301883
2024-01-31,2970,2975,2875,2895,39808,-0.025252525252525304
2024-02-01,2895,2910,2845,2890,46363,-0.0017271157167529916
2024-02-02,2895,2935,2890,2900,35788,0.0034602076124568004
2024-02-05,2900,2900,2860,2860,29236,-0.01379310344827589
2024-02-06,2860,2880,2820,2840,18950,-0.006993006993006978
2024-02-07,2855,2915,2805,2840,23273,0.0
2024-02-08,2855,3270,2840,2920,2941729,0.028169014084507005
2024-02-13,2900,2990,2890,2990,208673,0.023972602739726012
2024-02-14,3050,3235,2995,3025,1210142,0.0117056856187292
2024-02-15,3040,3160,3030,3085,413958,0.01983471074380172
2024-02-16,3130,3130,3005,3060,87356,-0.008103727714748765
2024-02-19,3060,3100,3040,3080,68811,0.006535947712418277
2024-02-20,3080,3110,3035,3100,52060,0.006493506493506551
2024-02-21,3100,3115,3040,3070,42676,-0.009677419354838679
2024-02-22,3070,3085,3035,3035,36532,-0.01140065146579805
2024-02-23,3035,3045,3000,3035,33284,0.0
2024-02-26,3030,3055,2995,2995,30842,-0.01317957166392092
2024-02-27,2995,3010,2925,2955,47655,-0.013355592654423987
2024-02-28,2955,3075,2935,3035,51105,0.027072758037224975
2024-02-29,3045,3045,2965,3000,32787,-0.011532125205930832
2024-03-04,3000,3005,2950,2990,33001,-0.0033333333333332993
2024-03-05,2990,2990,2930,2940,50035,-0.01672240802675584
2024-03-06,2940,2975,2935,2970,34257,0.010204081632652962
2024-03-07,2965,2995,2900,2995,57562,0.008417508417508435
2024-03-08,2990,2995,2925,2995,23830,0.0
2024-03-11,2995,2995,2920,2955,39365,-0.013355592654423987
2024-03-12,2940,2990,2915,2990,33301,0.011844331641285955
2024-03-13,2985,2990,2935,2970,22898,-0.006688963210702337
2024-03-14,2985,3010,2930,2970,24709,0.0
2024-03-15,2970,3000,2900,2965,50252,-0.0016835016835017313
2024-03-18,2930,2970,2930,2940,25599,-0.00843170320404718
2024-03-19,2940,2940,2855,2870,41275,-0.023809523809523836
2024-03-20,2855,2895,2855,2890,27547,0.006968641114982521
2024-03-21,2880,2950,2880,2940,34260,0.01730103806228378
2024-03-22,2940,2980,2930,2975,33917,0.011904761904761862
2024-03-25,2975,2975,2905,2930,19881,-0.015126050420168013
2024-03-26,2925,3005,2910,2985,45759,0.018771331058020424
2024-03-27,3015,3015,2955,2995,34879,0.003350083752093891
2024-03-28,2975,3015,2935,2965,43509,-0.01001669449081799
2024-03-29,2965,2965,2900,2900,41430,-0.021922428330522714
2024-04-01,2915,2925,2875,2910,28468,0.0034482758620688614
2024-04-02,2950,2950,2875,2885,29533,-0.00859106529209619
2024-04-03,2870,2875,2810,2855,48879,-0.010398613518197597
2024-04-04,2855,2905,2810,2820,48661,-0.012259194395796813
2024-04-05,2790,2815,2765,2785,24945,-0.012411347517730542
2024-04-08,2785,2785,2690,2690,45730,-0.03411131059245964
2024-04-09,2650,2710,2630,2700,20648,0.0037174721189590088
2024-04-11,2705,2725,2620,2700,39062,0.0
2024-04-12,2700,2725,2680,2725,12940,0.0092592592592593
2024-04-15,2720,2720,2525,2700,50602,-0.00917431192660545
2024-04-16,2620,2685,2615,2615,32895,-0.031481481481481444
2024-04-17,2600,2655,2580,2615,41735,0.0
2024-04-18,2595,2720,2590,2705,25440,0.03441682600382401
2024-04-19,2655,2685,2580,2680,45108,-0.009242144177449174
2024-04-22,2660,2680,2645,2670,17089,-0.003731343283582045
2024-04-23,2670,2695,2650,2660,16409,-0.0037453183520599342
2024-04-24,2660,2680,2645,2675,21494,0.005639097744360999
2024-04-25,2670,2700,2665,2690,23617,0.005607476635514086
2024-04-26,2685,2705,2670,2680,16054,-0.0037174721189591198
2024-04-29,2650,2685,2650,2685,17956,0.001865671641791078
2024-04-30,2725,2725,2660,2690,19952,0.0018621973929235924
2024-05-02,2655,2720,2655,2690,5242,0.0
2024-05-03,2730,2735,2670,2690,13172,0.0
2024-05-07,2675,2740,2675,2715,19273,0.009293680297397744
2024-05-08,2725,2730,2700,2725,8456,0.0036832412523020164
2024-05-09,2735,2755,2725,2740,20213,0.005504587155963359
2024-05-10,2735,2755,2720,2745,9341,0.0018248175182482562
2024-05-13,2705,2730,2695,2710,12426,-0.012750455373406244
2024-05-14,2680,2750,2680,2710,14539,0.0
2024-05-16,2740,2745,2680,2680,31324,-0.011070110701106972
2024-05-17,2680,2690,2650,2660,21993,-0.007462686567164201
2024-05-20,2660,2680,2625,2680,18960,0.007518796992481258
2024-05-21,2680,2680,2645,2680,17776,0.0
2024-05-22,2700,2700,2640,2650,18586,-0.011194029850746245
2024-05-23,2640,2665,2610,2660,12346,0.0037735849056603765
2024-05-24,2660,2660,2585,2630,24577,-0.011278195488721776
2024-05-27,2630,2640,2580,2640,25213,0.0038022813688212143
2024-05-28,2600,2630,2575,2605,26984,-0.013257575757575801
2024-05-29,2615,2615,2575,2575,16079,-0.01151631477927062
2024-05-30,2575,2605,2540,2580,19048,0.001941747572815622
2024-05-31,2580,2590,2520,2545,32215,-0.013565891472868241
2024-06-03,2550,2590,2545,2590,18642,0.017681728880157177
2024-06-04,2600,2600,2555,2580,10610,-0.0038610038610038533
2024-06-05,2580,2580,2525,2550,14447,-0.011627906976744207
2024-06-07,2550,2560,2525,2560,18949,0.0039215686274509665
2024-06-10,2555,2560,2525,2550,7870,-0.00390625
2024-06-11,2555,2605,2545,2590,15578,0.015686274509803866
2024-06-12,2580,2640,2560,2640,15964,0.019305019305019266
2024-06-13,2645,2665,2600,2625,26588,-0.005681818181818232
2024-06-14,2625,2630,2595,2625,21029,0.0
2024-06-17,2625,2650,2580,2595,14933,-0.011428571428571455
2024-06-18,2520,2615,2520,2530,42870,-0.025048169556840083
2024-06-19,2530,3010,2530,2570,2031918,0.015810276679841806
2024-06-20,2570,2645,2545,2590,92560,0.0077821011673151474
2024-06-21,2605,2610,2530,2535,46476,-0.021235521235521193
2024-06-24,2520,2645,2520,2610,125550,0.029585798816567976
2024-06-25,2575,2625,2570,2570,56060,-0.01532567049808431
2024-06-26,2565,2580,2550,2575,15929,0.0019455252918287869
2024-06-27,2575,2585,2530,2555,31482,-0.007766990291262155
2024-06-28,2555,2570,2535,2535,17576,-0.007827788649706457
2024-07-01,2545,2545,2470,2500,70689,-0.013806706114398382
2024-07-02,2525,2525,2470,2495,18055,-0.0020000000000000018
2024-07-03,2490,2500,2450,2450,16954,-0.018036072144288595
2024-07-04,2365,2535,2365,2450,43844,0.0
2024-07-05,2385,2465,2385,2460,40602,0.004081632653061273
2024-07-08,2470,2480,2435,2480,12637,0.008130081300812941
2024-07-09,2495,2545,2435,2475,27668,-0.0020161290322581182
2024-07-10,2470,2545,2440,2455,10722,-0.008080808080808133
2024-07-11,2450,2485,2445,2460,10899,0.0020366598778003286
2024-07-12,2490,2500,2440,2480,16485,0.008130081300812941
2024-07-15,2480,2495,2425,2470,24177,-0.0040322580645161255
2024-07-16,2465,2470,2410,2460,25490,-0.004048582995951455
2024-07-17,2465,2645,2460,2515,72166,0.022357723577235866
2024-07-18,2510,2510,2425,2445,31107,-0.027833001988071593
2024-07-19,2445,2480,2440,2480,25975,0.014314928425357865
2024-07-22,2480,2490,2450,2490,6982,0.0040322580645162365
2024-07-23,2490,2495,2420,2470,26730,-0.008032128514056214
2024-07-24,2455,2470,2435,2465,19314,-0.002024291497975672
2024-07-25,2450,2450,2400,2445,11595,-0.008113590263691739
2024-07-26,2430,2445,2420,2435,6771,-0.004089979550102263
2024-07-29,2435,2435,2385,2395,14144,-0.01642710472279263
2024-07-30,2400,2400,2380,2390,11294,-0.0020876826722338038
2024-07-31,2380,2390,2335,2370,21873,-0.008368200836820106
2024-08-01,2380,2395,2365,2390,9243,0.00843881856540074
2024-08-02,2390,2390,2280,2330,39660,-0.025104602510460206
2024-08-05,2305,2305,1815,1932,102462,-0.1708154506437768
2024-08-06,1850,2055,1850,2050,63585,0.06107660455486541
2024-08-07,2020,2160,2020,2140,49161,0.04390243902439028
2024-08-08,2160,2165,2100,2135,10625,-0.002336448598130869
2024-08-09,2170,2220,2150,2190,25642,0.025761124121779888
2024-08-12,2190,2215,2165,2215,17547,0.011415525114155223
2024-08-13,2195,2225,2170,2215,5634,0.0
2024-08-14,2220,2285,2215,2255,12129,0.018058690744920947
2024-08-16,2245,2265,2230,2260,17651,0.0022172949002217113
2024-08-19,2265,2265,2175,2190,23095,-0.030973451327433676
2024-08-20,2190,2225,2190,2205,6232,0.006849315068493178
2024-08-21,2205,2230,2190,2230,8619,0.01133786848072571
2024-08-22,2210,2280,2210,2220,5571,-0.004484304932735439
2024-08-23,2235,2380,2170,2170,119463,-0.022522522522522515
2024-08-26,2210,2220,2180,2195,9203,0.011520737327188835
2024-08-27,2190,2195,2075,2150,19111,-0.02050113895216399
2024-08-28,2140,2195,2140,2185,12059,0.016279069767441756
2024-08-29,2185,2190,2160,2175,6325,-0.004576659038901587
2024-08-30,2175,2200,2160,2190,6572,0.006896551724137945
2024-09-02,2210,2215,2155,2180,8792,-0.004566210045662156
2024-09-03,2180,2190,2160,2170,5754,-0.004587155963302725
2024-09-04,2090,2155,2075,2105,10512,-0.02995391705069128
2024-09-05,2095,2120,2020,2070,22213,-0.016627078384798155
2024-09-06,2070,2085,1998,2015,30696,-0.02657004830917875
2024-09-09,1940,2015,1940,2015,11770,0.0
2024-09-10,2020,2025,1992,1992,11288,-0.011414392059553302
2024-09-11,1982,2015,1982,1993,9108,0.0005020080321285203
2024-09-12,1993,2025,1993,2015,8546,0.011038635223281412
2024-09-13,2030,2030,2010,2030,3187,0.007444168734491274
2024-09-19,2050,2605,2035,2550,1642581,0.2561576354679802
2024-09-20,2445,2540,2285,2290,900063,-0.10196078431372546
2024-09-23,2290,2380,2225,2340,229058,0.02183406113537112
2024-09-24,2340,2400,2290,2365,139425,0.010683760683760646
2024-09-25,2345,2400,2300,2300,87173,-0.02748414376321351
2024-09-26,2290,2335,2290,2320,33863,0.008695652173912993
2024-09-27,2320,2355,2305,2350,32165,0.012931034482758674
2024-09-30,2340,2340,2260,2285,26252,-0.02765957446808509
2024-10-02,2220,2300,2190,2280,26318,-0.002188183807439792
2024-10-04,2260,2330,2235,2300,22980,0.00877192982456143
2024-10-07,2345,2345,2280,2330,15484,0.01304347826086949
2024-10-08,2330,2330,2275,2290,18137,-0.01716738197424894
2024-10-10,2295,2370,2295,2300,41043,0.004366812227074135
2024-10-11,2300,2300,2260,2260,21442,-0.017391304347826098
2024-10-14,2270,2290,2210,2245,29809,-0.006637168141592875
2024-10-15,2245,2385,2210,2290,70251,0.020044543429844186
2024-10-16,2305,2305,2260,2295,25175,0.0021834061135370675
2024-10-17,2315,2360,2255,2295,48643,0.0
2024-10-18,2260,2285,2220,2245,26527,-0.02178649237472763
2024-10-21,2245,2370,2205,2285,51738,0.017817371937639104
2024-10-22,2250,2290,2205,2270,26480,-0.006564551422319487
2024-10-23,2255,2260,2200,2250,14578,-0.008810572687224627
2024-10-24,2230,2265,2170,2190,24887,-0.026666666666666616
2024-10-25,2185,2215,2125,2145,37374,-0.020547945205479423
2024-10-28,2140,2210,2130,2180,22166,0.01631701631701632
2024-10-29,2195,2830,2190,2510,7270359,0.15137614678899092
2024-10-30,2465,2515,2315,2315,798681,-0.07768924302788849
2024-10-31,2355,2760,2290,2525,10882894,0.09071274298056164
2024-11-01,2655,2975,2490,2505,7076438,-0.007920792079207928
2024-11-04,2560,2700,2470,2620,922043,0.045908183632734634
2024-11-05,2600,2790,2535,2760,1709994,0.05343511450381677
2024-11-06,2705,2835,2435,2455,1477280,-0.11050724637681164
2024-11-07,2475,2480,2350,2440,185463,-0.006109979633401208
2024-11-08,2425,2600,2425,2490,354217,0.020491803278688492
2024-11-11,2460,2490,2330,2330,273166,-0.06425702811244982
2024-11-12,2305,2420,2140,2260,353386,-0.030042918454935674
2024-11-13,2300,2300,2130,2160,87567,-0.04424778761061943
2024-11-14,2160,2220,2080,2100,229252,-0.02777777777777779
2024-11-15,2085,2170,2020,2165,86473,0.030952380952380842
2024-11-18,2175,2270,2150,2240,63959,0.03464203233256358
2024-11-19,2240,2300,2205,2265,121392,0.01116071428571419
2024-11-20,2245,2265,2210,2220,64364,-0.019867549668874163
2024-11-21,2250,2255,2190,2210,79599,-0.0045045045045044585
2024-11-22,2220,2255,2210,2220,27875,0.004524886877828038
2024-11-25,2245,2335,2200,2265,106947,0.020270270270270174
2024-11-26,2280,2345,2260,2285,30355,0.008830022075055233
2024-11-27,2260,2465,2250,2465,338686,0.07877461706783362
2024-11-28,2715,3095,2420,2425,4159539,-0.016227180527383367
2024-11-29,2380,2475,2340,2430,189196,0.0020618556701030855
2024-12-02,2430,2470,2365,2365,157710,-0.026748971193415683
2024-12-03,2460,2540,2395,2430,290967,0.02748414376321362
2024-12-04,2350,2505,2310,2490,224777,0.024691358024691468
2024-12-05,2490,2500,2360,2430,143109,-0.02409638554216864
2024-12-06,2400,2430,2320,2395,161533,-0.014403292181069949
2024-12-09,2305,2380,2210,2225,129754,-0.07098121085594988
2024-12-10,2210,2365,2210,2365,81237,0.06292134831460672
2024-12-11,2395,2530,2370,2530,280869,0.06976744186046502
2024-12-12,2530,2595,2455,2540,147879,0.0039525691699604515
2024-12-13,2540,2550,2460,2540,100355,0.0
2024-12-16,2555,2650,2530,2650,204892,0.04330708661417315
2024-12-17,2665,2675,2545,2590,121210,-0.02264150943396226
2024-12-18,2590,2645,2565,2600,52881,0.0038610038610038533
2024-12-19,2580,2625,2465,2615,105902,0.005769230769230749
2024-12-20,2615,2615,2480,2530,77562,-0.0325047801147228
2024-12-23,2505,2580,2500,2515,42201,-0.005928853754940677
2024-12-24,2520,2555,2490,2530,38477,0.005964214711729587
2024-12-26,2530,2545,2400,2480,69140,-0.01976284584980237
2024-12-27,2480,2480,2400,2435,40321,-0.01814516129032262
2024-12-30,2440,2485,2395,2460,25576,0.010266940451745477
2025-01-02,2460,2550,2445,2520,53968,0.024390243902439046
2025-01-03,2550,2580,2525,2550,45589,0.011904761904761862
2025-01-06,2550,2615,2545,2580,63591,0.0117647058823529
2025-01-07,2580,2630,2530,2560,74250,-0.007751937984496138
2025-01-08,2560,2575,2510,2575,24905,0.005859375
2025-01-09,2595,2595,2525,2540,37339,-0.013592233009708687
2025-01-10,2540,2600,2460,2555,87765,0.0059055118110236116
2025-01-13,2555,2555,2465,2495,34512,-0.023483365949119372
2025-01-14,2500,2505,2465,2490,13633,-0.002004008016032066
2025-01-15,2490,2540,2450,2465,39421,-0.010040160642570295
2025-01-16,2465,2590,2465,2530,54117,0.026369168356997985
2025-01-17,2540,2540,2460,2490,51946,-0.015810276679841917
2025-01-20,2490,2505,2450,2490,34933,0.0
2025-01-21,2490,2505,2405,2440,49312,-0.02008032128514059
2025-01-22,2465,2465,2380,2420,41338,-0.008196721311475419
2025-01-23,2400,2420,2320,2360,47830,-0.024793388429752095
2025-01-24,2480,2490,2330,2330,45291,-0.012711864406779627
2025-01-31,2330,2375,2305,2330,38992,0.0
2025-02-03,2340,2340,2210,2235,46770,-0.04077253218884125
2025-02-04,2245,2365,2215,2330,28464,0.04250559284116329
2025-02-05,2345,2385,2335,2370,13759,0.01716738197424883
2025-02-06,2370,2370,2345,2355,5608,-0.006329113924050667
2025-02-07,2335,2375,2315,2375,20047,0.00849256900212314
2025-02-10,2375,2415,2330,2400,15527,0.010526315789473717
2025-02-11,2400,2440,2360,2440,38433,0.016666666666666607
2025-02-12,2415,2430,2380,2410,15514,-0.012295081967213073
2025-02-13,2410,2410,2340,2370,36774,-0.016597510373444035
2025-02-14,2370,2385,2325,2385,16245,0.006329113924050667
2025-02-17,2385,2435,2375,2425,24867,0.016771488469601747
2025-02-18,2405,2450,2395,2445,28397,0.008247422680412342
2025-02-19,2445,2465,2405,2430,21569,-0.006134969325153339
2025-02-20,2410,2450,2395,2420,19694,-0.004115226337448541
2025-02-21,2420,2450,2375,2420,35782,0.0
2025-02-24,2420,2420,2375,2415,11707,-0.0020661157024793875
2025-02-25,2400,2415,2335,2345,41115,-0.02898550724637683
2025-02-26,2335,2370,2335,2370,19400,0.010660980810234477
2025-02-27,2355,2385,2335,2350,21847,-0.008438818565400852
2025-02-28,2335,2350,2270,2280,33163,-0.029787234042553234
2025-03-04,2295,2330,2235,2310,24810,0.013157894736842035
2025-03-05,2290,2385,2285,2320,21514,0.0043290043290042934
2025-03-06,2335,2355,2275,2320,42440,0.0
2025-03-07,2320,2320,2255,2280,15240,-0.017241379310344862
2025-03-10,2285,2285,2235,2240,12037,-0.01754385964912286
2025-03-11,2225,2245,2180,2240,38087,0.0
2025-03-12,2245,2265,2205,2260,14860,0.008928571428571397
2025-03-13,2260,2285,2235,2255,28144,-0.0022123893805309214
2025-03-14,2235,2290,2225,2255,13260,0.0
2025-03-17,2275,2300,2255,2255,15962,0.0
2025-03-18,2280,2380,2270,2335,42462,0.0354767184035476
2025-03-19,2340,2345,2265,2270,21932,-0.027837259100642386
2025-03-20,2285,2290,2235,2240,12746,-0.013215859030836996
2025-03-21,2255,2255,2185,2230,17276,-0.004464285714285698
2025-03-24,2230,2320,2125,2150,158626,-0.0358744394618834
2025-03-25,2160,2200,2135,2135,31703,-0.006976744186046546
2025-03-26,2160,2160,2105,2160,19601,0.011709601873536313
2025-03-27,2175,2175,2015,2070,199636,-0.04166666666666663
2025-03-28,2065,2065,2025,2025,24792,-0.021739130434782594
2025-03-31,2010,2015,1963,1964,58126,-0.030123456790123404
2025-04-01,1970,2040,1970,2035,18828,0.03615071283095728
2025-04-02,2040,2050,1980,1991,30726,-0.021621621621621623
2025-04-03,1979,2020,1970,2010,23807,0.00954294324460081
2025-04-04,2010,2045,1988,2030,27857,0.00995024875621886
2025-04-07,2000,2070,1988,2035,53307,0.0024630541871921707
2025-04-08,2035,2080,1999,2045,65678,0.004914004914004844
2025-04-09,2040,2040,1991,2000,89737,-0.022004889975550168
2025-04-10,2020,2060,2015,2055,33164,0.02750000000000008
2025-04-11,2050,2075,2020,2070,25847,0.007299270072992803
2025-04-14,2070,2100,2040,2070,80903,0.0
2025-04-15,2070,2100,2030,2085,102310,0.007246376811594235
2025-04-16,2085,2185,2085,2095,89007,0.004796163069544335
2025-04-17,2095,2160,2095,2140,57555,0.021479713603818507
2025-04-18,2145,2185,2127,2155,31452,0.007009345794392496
2025-04-21,2175,2205,2155,2170,72618,0.006960556844547661
2025-04-22,2170,2180,2100,2130,35460,-0.018433179723502335
2025-04-23,2135,2160,2135,2150,15563,0.009389671361502261
2025-04-24,2160,2170,2120,2140,11728,-0.0046511627906976605
2025-04-25,2140,2195,2100,2195,66923,0.025700934579439227
2025-04-28,2215,2215,2170,2195,27386,0.0
2025-04-29,2170,2205,2160,2200,33657,0.002277904328018332
2025-04-30,2205,2255,2160,2200,20852,0.0
2025-05-02,2190,2210,2165,2210,16078,0.00454545454545463
2025-05-07,2210,2245,2165,2200,12716,-0.004524886877828038
2025-05-08,2205,2205,2180,2190,6875,-0.004545454545454519
2025-05-09,2195,2845,2170,2425,8238297,0.10730593607305927
2025-05-12,2450,2725,2430,2510,3237077,0.035051546391752675
2025-05-13,2480,2520,2385,2440,580049,-0.027888446215139417
2025-05-14,2475,2570,2415,2450,677061,0.004098360655737654
2025-05-15,2415,2575,2385,2560,551824,0.044897959183673564
2025-05-16,2550,2565,2485,2520,250848,-0.015625
2025-05-19,2540,2580,2365,2415,336363,-0.04166666666666663
2025-05-20,2420,2515,2350,2475,292451,0.024844720496894457
2025-05-21,2500,2530,2415,2455,235378,-0.008080808080808133
2025-05-22,2790,3055,2495,2630,15894164,0.07128309572301417
2025-05-23,2650,3415,2600,3415,25062943,0.2984790874524714
2025-05-26,3835,4080,3465,3520,28585126,0.030746705710102518
2025-05-27,3575,4140,3510,3520,22375144,0.0
2025-05-28,3605,3765,3440,3710,4942294,0.05397727272727271
2025-05-29,3615,3710,3470,3575,1910270,-0.03638814016172509
2025-05-30,3505,3530,3310,3320,963918,-0.07132867132867138
2025-06-02,3320,3440,3255,3305,731597,-0.004518072289156572
2025-06-04,3395,3645,3240,3530,2903814,0.0680786686838124
2025-06-05,3430,4345,3420,3840,19329655,0.0878186968838528
2025-06-09,4250,4915,4105,4595,19553480,0.19661458333333326
2025-06-10,4675,4750,4210,4355,2534395,-0.05223068552774757
2025-06-11,4325,5060,4145,4495,11296258,0.03214695752009189
2025-06-12,4435,4825,4370,4435,2681030,-0.013348164627363768
2025-06-13,4540,4660,4150,4325,1670836,-0.0248027057497181
2025-06-16,4320,4615,4255,4370,1302202,0.010404624277456698
2025-06-17,4465,4530,4110,4140,723251,-0.052631578947368474
2025-06-18,4165,4775,4150,4410,3288509,0.0652173913043479
2025-06-19,4530,5380,4430,4840,13157846,0.0975056689342404
2025-06-20,4850,4905,4500,4705,1240480,-0.02789256198347112
2025-06-23,4700,4970,4570,4635,2629595,-0.014877789585547307
2025-06-24,4680,4775,4535,4665,728686,0.006472491909385036
2025-06-25,4635,4635,4295,4300,705004,-0.07824222936763126
2025-06-26,4100,4190,3780,3940,763893,-0.08372093023255811
2025-06-27,3940,4020,3830,3940,293523,0.0
2025-06-30,3855,3885,3655,3850,365006,-0.022842639593908642
2025-07-01,3850,3980,3800,3920,304709,0.018181818181818077
2025-07-02,3920,3960,3760,3770,140179,-0.03826530612244894
2025-07-03,3770,3815,3630,3710,335183,-0.01591511936339518
2025-07-04,3785,3785,3595,3645,301950,-0.01752021563342321
2025-07-07,3705,3840,3605,3725,394615,0.021947873799725626
2025-07-08,3760,3860,3675,3740,234587,0.00402684563758382
2025-07-09,3740,3830,3680,3810,186230,0.018716577540107027
2025-07-10,3830,4950,3725,4380,15920468,0.14960629921259838
2025-07-11,4355,4680,4160,4205,6265548,-0.03995433789954339
2025-07-14,4175,4285,3955,4100,939849,-0.024970273483947647
2025-07-15,4130,4140,3800,3880,644512,-0.0536585365853659
2025-07-16,3790,4595,3740,4030,8178127,0.038659793814433074
2025-07-17,4130,4285,3815,3855,1244020,-0.043424317617866026
2025-07-18,3900,4025,3840,3880,331969,0.006485084306095956
2025-07-21,3865,3950,3830,3850,310414,-0.0077319587628865705
2025-07-22,3825,4085,3710,3830,979359,-0.0051948051948051965
2025-07-23,3775,3800,3600,3675,330210,-0.04046997389033946
2025-07-24,3675,3695,3550,3560,215793,-0.03129251700680269
2025-07-25,3500,4080,3490,3745,4317936,0.05196629213483139
2025-07-28,3765,3765,3625,3655,343574,-0.024032042723631464
2025-07-29,3655,3725,3545,3625,236491,-0.008207934336525335
2025-07-30,3625,3675,3570,3570,190581,-0.015172413793103412
2025-07-31,3580,3750,3505,3685,268873,0.03221288515406173
2025-08-01,3645,3645,3460,3490,230047,-0.052917232021709615
2025-08-04,3485,3725,3470,3620,283424,0.0372492836676217
2025-08-05,3590,3690,3575,3615,109483,-0.0013812154696132284
2025-08-06,3620,3700,3525,3615,176592,0.0
2025-08-07,3645,3685,3560,3625,113148,0.0027662517289073207
2025-08-08,3625,3635,3570,3590,46504,-0.0096551724137931
2025-08-11,3595,3615,3520,3575,62299,-0.004178272980501441
2025-08-12,3580,3640,3505,3505,115788,-0.01958041958041956
2025-08-13,3560,3580,3435,3490,57095,-0.004279600570613384
2025-08-14,3490,3560,3450,3465,81114,-0.007163323782234943
2025-08-18,3465,3540,3420,3490,76141,0.00721500721500723
2025-08-19,3535,3540,3415,3485,75780,-0.0014326647564469885
2025-08-20,3480,3480,3360,3400,85313,-0.024390243902439046
2025-08-21,3400,3505,3400,3435,42506,0.010294117647058787
2025-08-22,3420,4465,3420,3945,12825305,0.14847161572052392
2025-08-25,3940,4170,3930,3995,3442162,0.012674271229404344
2025-08-26,3945,3960,3830,3860,480224,-0.03379224030037542
2025-08-27,3920,3920,3760,3775,392117,-0.022020725388601003
2025-08-28,3735,4515,3695,4190,16747186,0.10993377483443711
2025-08-29,4135,4465,4135,4190,3953278,0.0
2025-09-01,4150,4570,3830,4250,4481670,0.014319809069212486
2025-09-02,4335,4400,4135,4260,1045141,0.0023529411764706687
2025-09-03,4230,4240,4065,4100,465652,-0.03755868544600938
2025-09-04,4100,4350,4060,4105,539603,0.0012195121951219523
2025-09-05,4095,4155,3970,4000,371401,-0.025578562728379994
2025-09-08,4115,4525,4110,4240,3906594,0.06000000000000005
2025-09-09,4280,4340,4215,4245,558644,0.001179245283018826
2025-09-10,4295,4500,4205,4370,2285168,0.029446407538280317
2025-09-11,4330,4355,4210,4220,495821,-0.034324942791762014
2025-09-12,4225,4440,4210,4320,1125428,0.023696682464454888
2025-09-15,4320,4460,4235,4240,859179,-0.01851851851851849
2025-09-16,4220,4235,4065,4080,377109,-0.037735849056603765
2025-09-17,4060,4060,3860,3985,218839,-0.023284313725490224
2025-09-18,4000,4070,4000,4065,116159,0.020075282308657405
2025-09-19,4030,4290,4030,4125,517351,0.014760147601476037
2025-09-22,4125,4140,4000,4005,141929,-0.029090909090909056
2025-09-23,4005,4020,3935,3940,131128,-0.01622971285892638
2025-09-24,3940,4330,3860,3945,1478084,0.0012690355329949554
2025-09-25,3945,4100,3930,4000,346173,0.013941698352344822
2025-09-26,3965,3965,3820,3850,250064,-0.03749999999999998
2025-09-29,3850,3990,3850,3895,149861,0.011688311688311748
2025-09-30,3990,3990,3780,3780,158188,-0.029525032092426184
2025-10-01,3800,3865,3760,3775,53001,-0.001322751322751281
2025-10-02,3775,3875,3775,3835,76133,0.015894039735099286
2025-10-10,3875,3875,3750,3850,85603,0.003911342894393766
2025-10-13,3705,3845,3650,3795,81235,-0.014285714285714235
2025-10-14,3770,3890,3700,3810,109649,0.0039525691699604515
2025-10-15,3810,3870,3785,3840,66796,0.007874015748031482
2025-10-16,3860,3860,3775,3815,81886,-0.00651041666666663
2025-10-17,3785,3820,3725,3755,91799,-0.01572739187418082
2025-10-20,3755,3815,3685,3805,86165,0.013315579227696439
2025-10-21,3780,3895,3755,3825,91159,0.005256241787122251
2025-10-22,3830,3830,3620,3820,112307,-0.0013071895424836555
2025-10-23,3780,3835,3750,3770,64499,-0.01308900523560208
2025-10-24,3770,3810,3635,3715,92441,-0.01458885941644561
2025-10-27,3715,3780,3685,3735,89273,0.0053835800807537915
2025-10-28,3730,3805,3650,3690,107599,-0.012048192771084376
2025-10-29,3700,3700,3600,3625,153196,-0.017615176151761558
2025-10-30,3625,3625,3500,3525,160674,-0.02758620689655178
2025-10-31,3530,3580,3510,3510,60885,-0.004255319148936176
2025-11-03,3510,3560,3480,3490,97044,-0.005698005698005715
2025-11-04,3455,3525,3415,3450,100075,-0.011461318051575908
2025-11-05,3450,3450,3220,3400,149856,-0.01449275362318836
2025-11-06,3410,3490,3200,3390,109895,-0.002941176470588225
2025-11-07,3295,3395,3275,3320,130654,-0.020648967551622377
2025-11-10,3320,3490,3320,3480,51694,0.04819277108433728
2025-11-11,3485,3520,3350,3365,60204,-0.033045977011494254
2025-11-12,3400,3515,3375,3450,59017,0.02526002971768193
2025-11-13,3450,3500,3390,3450,30917,0.0
2025-11-14,3345,3470,3320,3330,43316,-0.034782608695652195
2025-11-17,3330,3360,3190,3245,59981,-0.02552552552552556
2025-11-18,3215,3300,3125,3140,68765,-0.03235747303543912
2025-11-19,3140,3205,3095,3165,58036,0.0079617834394905
2025-11-20,3165,3270,3155,3260,43641,0.03001579778830954
2025-11-21,3260,3265,3090,3115,67023,-0.04447852760736193
2025-11-24,3120,3195,3085,3140,49651,0.008025682182985605
2025-11-25,3115,3220,3090,3180,76111,0.01273885350318471
2025-11-26,3150,3180,3100,3130,39261,-0.01572327044025157
2025-11-27,3135,3185,3065,3065,52806,-0.02076677316293929
2025-11-28,3065,3140,3065,3120,40198,0.01794453507340954
2025-12-01,3150,3245,3040,3120,64199,0.0
2025-12-02,3090,3090,3015,3020,63062,-0.03205128205128205
2025-12-03,3020,3125,3020,3060,46624,0.013245033112582849
2025-12-04,3060,3105,3025,3025,32858,-0.011437908496731986
2025-12-05,3015,3080,3010,3075,45898,0.016528925619834656
2025-12-08,3145,3160,3020,3040,42001,-0.011382113821138184
